DST1011*01RRX020   0   7   6   9   8   1   2   5  11  12  14  12  11   6   4   3   3   3   2   1   1  -1  -1   0   0   5 1
DST1011*02RRX020   0   1   2   1   3   4   4   6   2  -2  -3  -3  -3  -3  -3  -4  -3  -4  -4  -3  -3  -2  -1  -1  -3  -1 0
DST1011*03RRX020   0  -6  -9  -8  -9 -10 -11 -10 -10 -12 -10  -8  -8 -10 -11 -11 -12 -12 -13 -13 -13 -12  -9 -10 -12 -10 0
DST1011*04RRX020   0 -13 -12 -12 -14 -12 -12 -11 -10  -9 -11 -13 -12  -8  -3   0   2   3   1  -1  -1   0   0  -1   2  -6 1
DST1011*05RRX020   0   3   4   5   4   3   1   0   2   3   8   9   7   5   1   2   2  -4  -6  -7  -3  -2  -2  -6  -7   1 0
DST1011*06RRX020   0  -7  -6  -5  -1   1   0   0   1   3   5   4   2   4   6   7   6   5   6   6   5   4   3   3   1   2 0
DST1011*07RRX020   0  -1  -2   1   2   3   5   5   7   7   6   4   4   3   3   4   4   6   5   5   6   8   8   9  10   5 0
DST1011*08RRX020   0  12  14  14  16  15  13  13  14  23  23  24  26  18   1   0   0  -2  -5  -6  -4  -4  -5  -6  -6   8 1
DST1011*09RRX020   0  -5  -5  -7  -8  -8  -5  -5  -5  -5  -6 -10 -11  -9  -5  -2  -4  -5  -6  -6  -4  -2  -1  -2  -3  -5 1
DST1011*10RRX020   0  -2  -2   0  -3  -5  -7  -6  -5  -3  -2  -2  -2  -5  -6  -4  -2  -1   0   9   8   2 -11  -3   2  -2 1
DST1011*11RRX020   0   2   6   3  -3  -1  -1  -3  -3   0  -7 -16 -14 -13 -26 -33 -35 -31 -23 -17 -15 -17 -24 -37 -39 -14 1
DST1011*12RRX020   0 -36 -34 -37 -39 -41 -39 -39 -36 -30 -28 -22 -18 -28 -21 -22 -20 -20 -21 -23 -24 -23 -18 -22 -23 -28 0
DST1011*13RRX020   0 -28 -26 -25 -27 -28 -30 -29 -28 -24 -20 -16 -16 -19 -19 -15 -13 -14 -15 -16 -18 -18 -19 -17 -14 -21 1
DST1011*14RRX020   0 -13 -14 -13 -16 -14 -13 -12 -12 -12 -10 -11  -7  -8 -11 -15 -21 -25 -21 -21 -20 -20 -19 -23 -24 -16 0
DST1011*15RRX020   0 -24 -23 -23 -23 -18 -13 -11 -10 -13 -20 -20 -15 -14 -16 -14 -13 -14 -14 -14 -12 -12 -14 -23 -22 -16 0
DST1011*16RRX020   0 -25 -27 -23 -21 -15 -15 -15 -12 -11 -12 -13 -14 -16 -19 -17 -15 -12  -9  -8  -9  -6  -4   0  -4 -13 1
DST1011*17RRX020   0 -11 -13  -7  -5  -7 -11  -7  -9  -5  -2  -2  -7  -8 -10 -10  -7  -6  -6  -8  -7  -7  -7  -8  -7  -7 1
DST1011*18RRX020   0  -4  -6  -7  -7  -5  -4  -3   1   1  -5  -2   0   1   1  -2  -2  -3  -3  -5  -6  -6  -8 -10 -11  -4 1
DST1011*19RRX020   0 -13 -14 -12 -12 -11 -12 -13 -11  -8  -6  -5  -6  -5  -2  -1   1   1   1   1   1   1   3   5   8  -5 1
DST1011*20RRX020   0  10  12  10  10   9   5   4   2   4   3   1   1   1  -1  -3  -1   0   0   1   3   1   1   1  -1   3 1
DST1011*21RRX020   0  -2  -4  -2   0   2   3   0  -3  -6  -7  -7 -10 -11 -10 -10  -7  -5  -7  -7  -7  -4  -5  -6  -7  -5 1
DST1011*22RRX020   0  -9 -10 -10  -7  -6  -4  -4  -5  -2   2  -4 -13 -10  -6  -4   0  -3 -10  -9  -8  -8  -9  -9  -6  -6 1
DST1011*23RRX020   0  -8 -13 -11  -7  -4  -8 -11  -7  -4  -7  -7  -8 -11 -15 -16 -15 -20 -12  -9 -14 -18 -20 -19 -15 -12 1
DST1011*24RRX020   0  -9  -9 -12 -11  -8  -8  -9  -8  -6  -1  -7 -12 -12 -17 -16 -15 -16 -19 -14 -13 -15 -15 -14 -12 -12 0
DST1011*25RRX020   0 -11 -10 -10 -11 -10  -7  -7  -9  -8  -9  -8  -8 -12 -12 -11 -10 -11 -10 -10 -11 -11 -11 -12 -11 -10 0
DST1011*26RRX020   0  -8  -7  -6  -7  -6  -5  -4  -4  -5  -8  -5  -2  -3  -7  -9  -9  -8  -8  -8  -8  -7  -7  -6  -3  -6 0
DST1011*27RRX020   0  -1  -1  -1  -1  -1   1   3   3   1   1  -1  -5  -5  -6   1   6  11  17  15  -2  -2  -5 -14 -11   0 0
DST1011*28RRX020   0   2   3  -4  -1   9   7  12   6   2  -1  -1  -3  -6  -9 -11 -15 -15 -15 -14 -16 -15 -17 -20 -20  -6 0
DST1011*29RRX020   0 -19 -20 -21 -20 -17 -17 -17 -16 -11 -11 -13 -12 -13 -13 -13 -11 -12 -12 -10  -6  -7  -6  -9  -9 -13 0
DST1011*30RRX020   0  -6  -9  -9  -8  -6  -5  -5  -1   7   8   4   4   2  -1  -5 -10 -12 -10  -8  -8 -10 -12 -13 -13  -5 0
DST1012*01RRX020   0 -13 -14 -13 -12 -10  -9  -8  -6  -2   0   0   2   2  -1  -1   2  -1  -1  -3  -4  -3  -3  -3  -5  -4 0
DST1012*02RRX020   0  -9 -10 -12 -14 -14 -13 -12 -11  -8  -6  -6  -6  -5  -4  -4  -3  -1  -1  -2  -1   0  -2  -4  -4  -6 0
DST1012*03RRX020   0  -4  -2  -1  -1   0   2   2   3   4   3   4   6   5   2   2   1  -1   0   0   1   1   2   3   4   2 0
DST1012*04RRX020   0   2   2   2   2   0  -3  -2   4  10  12  13  10   6   2   0   1   0  -2  -4  -2  -1  -3  -6  -7   2 0
DST1012*05RRX020   0  -7  -6  -4  -5  -4  -5  -7  -7  -4  -3   0   1   2   1   1   4   6   8  10   9   7   4   1  -4   0 0
DST1012*06RRX020   0  -3   0   5   4   5   3   3   0   2   2   2   3   5   6  10   8   2  -1  -1   7   7   1  -2  -2   3 0
DST1012*07RRX020   0  -2  -1   0   1   2   3   7   9  14  12  12   9   2  -9 -12  -3  -2  -3  -7  -8  -7  -7 -11 -13  -1 0
DST1012*08RRX020   0 -13 -11 -11 -10 -11  -9  -5  -3  -3   1  -2  -4  -5 -10 -13 -16 -14 -10 -10 -14 -15 -28 -10 -13 -10 1
DST1012*09RRX020   0 -15 -13 -13 -12  -8  -7  -7  -7  -5  -2   0  -1  -2  -6  -9  -8  -7  -7  -5  -3  -3  -6  -7  -7  -7 0
DST1012*10RRX020   0  -4  -1   2   5   5   5   3   4   5   1  -5  -4  -4  -6  -7  -5  -3  -1  -2  -4  -6  -8  -7  -5  -2 1
DST1012*11RRX020   0  -6  -5  -4  -3  -1   1   2   0   2   3   3   2   2  -3  -1   2   2   0   1  -1   0   0  -1   3   0 1
DST1012*12RRX020   0   5   7   8   9  10  10   9  10  13  12  11   9   5   2   5   8   3  -4  -3   1  -4  -2  -4  -5   5 1
DST1012*13RRX020   0 -15 -16 -10 -12 -14 -13 -14  -8  -9  -8  -9 -11 -11 -13 -14 -14 -15  -8  -6  -6 -11  -8 -11 -16 -11 1
DST1012*14RRX020   0 -18 -16 -16 -12  -9 -12 -10  -8  -7 -12 -12 -10 -10  -9  -6  -5 -13 -17 -19 -23 -26 -28 -32 -31 -15 1
DST1012*15RRX020   0 -21 -22 -23 -17 -16 -16 -19 -14 -11 -11 -12 -13 -11 -16 -15 -16 -18 -18 -19 -20 -19 -19 -20 -19 -17 1
DST1012*16RRX020   0 -16 -18 -18 -14  -9 -10 -12 -12 -12 -11 -11 -10 -10 -11 -12 -15 -16 -15 -14 -17 -15 -17 -21 -16 -14 1
DST1012*17RRX020   0 -16 -13 -10  -9  -6  -6  -7  -7  -4  -2  -2  -2  -4  -9 -11 -11 -15 -14 -10  -9 -11 -15 -13 -10  -9 1
DST1012*18RRX020   0  -9  -8  -9 -10  -9  -9  -7  -5  -3  -1  -2  -4 -10 -15 -16 -15 -13 -13 -11  -9  -9 -10 -11 -13  -9 1
DST1012*19RRX020   0 -14 -14 -11  -9  -6 -10 -11  -9  -6  -3  -4  -3  -7 -10 -11  -9  -9 -10  -7  -7  -7  -4   4   5  -7 0
DST1012*20RRX020   0   3   7  10  12   4  -7 -11 -16 -19 -27 -33 -34 -32 -31 -28 -30 -28 -22 -17 -14 -11 -22 -28 -24 -17 1
DST1012*21RRX020   0 -18 -14 -13 -15 -16 -18 -18 -18 -16 -14 -15 -16 -16 -17 -16 -17 -18 -15 -12 -10 -11 -13 -14 -13 -15 1
DST1012*22RRX020   0 -11  -8  -5  -8  -8  -9 -11 -10 -10  -9  -7  -6  -6  -9  -8  -5  -6  -5  -4  -3  -2  -3  -4  -5  -7 1
DST1012*23RRX020   0  -7  -8  -6  -3   1   2   1  -1  -2  -1  -5  -7  -7  -6  -6  -4  -1   1   6   6   5   1  -6  -7  -2 1
DST1012*24RRX020   0  -6  -4  -3  -3  -3  -3  -5  -5  -6  -7  -9  -9  -8  -7  -4  -5  -9 -10  -7  -3  -4  -7 -10  -8  -6 1
DST1012*25RRX020   0  -7  -6  -7  -4   3   5   4   2   0  -2  -2   1   4   3   3   6   2  -4  -4   0  -1  -6 -12 -12  -1 1
DST1012*26RRX020   0 -10 -10  -7  -4   0   0  -4  -5  -3  -2  -6  -6  -8 -11 -16 -15 -11  -9  -7  -5  -4  -5  -9  -9  -7 1
DST1012*27RRX020   0 -11  -7  -4  -1   3   1  -1   0   2   0  -3  -6  -9 -11 -11 -10 -10  -9  -9  -7  -6  -9 -12 -14  -6 1
DST1012*28RRX020   0 -12  -8  -3   1   6   6   7  11  11  12  13   7  -2 -10 -22 -33 -42 -43 -28 -25 -30 -32 -30 -27 -11 1
DST1012*29RRX020   0 -26 -25 -25 -24 -26 -28 -28 -27 -24 -25 -24 -24 -25 -28 -30 -28 -27 -26 -25 -20 -18 -18 -19 -18 -25 1
DST1012*30RRX020   0 -18 -18 -17 -16 -14 -13 -10  -7  -7  -6  -6  -7  -9  -7 -10 -11 -14 -17 -16 -12 -11  -9  -6  -6 -11 1
DST1012*31RRX020   0  -8 -11 -13 -13  -9 -10 -15 -21 -19 -19 -19 -16 -19 -20 -22 -22 -25 -25 -22 -16 -14 -14 -18 -20 -17 1
DST1101*01RRX020   0 -15 -15 -14 -10  -7  -7  -8  -9  -6  -8  -9 -12 -15 -19 -20 -19 -17 -17 -13  -9  -8 -11 -10  -5 -12 1
DST1101*02RRX020   0  -5  -2  -2  -3  -1   0   2   2  -3  -1  -1   2   1   1  -3  -4  -6  -6  -5  -4  -5  -4  -7  -8  -3 1
DST1101*03RRX020   0  -6  -6  -7  -7  -4  -3  -3   0   3   3   2   5   0  -6  -7  -3  -3  -5 -12  -9  -7  -6  -6  -2  -4 0
DST1101*04RRX020   0  -2  -2   1   0  -3  -4  -7 -10 -10 -10 -10  -6  -4  -7  -8  -8  -9  -9  -7  -6  -5  -6  -9  -9  -6 0
DST1101*05RRX020   0  -8  -9  -7  -6  -5  -5  -6  -5  -3  -1  -2  -1  -2  -3  -3  -3  -5  -6  -4   0  -3  -6  -9 -10  -5 0
DST1101*06RRX020   0  -7  -3  -4  -5  -5  -6  -9  -7  -5  -3  -2  -1  -2  -4  -5  -2  -3   1   5  13  23  19  -8 -20  -2 1
DST1101*07RRX020   0 -42 -42 -31 -33 -36 -41 -45 -42 -38 -33 -27 -27 -30 -29 -26 -21 -21 -21 -20 -21 -18 -22 -25 -24 -30 1
DST1101*08RRX020   0 -22 -21 -16 -14 -11 -13 -13 -18 -20 -17 -16 -21 -21 -19 -14 -10 -12 -15 -15 -16 -13 -15 -17 -16 -16 1
DST1101*09RRX020   0 -17 -19 -17 -16 -12 -11 -12 -13 -14 -13 -13 -13 -16 -18 -18 -17 -17 -16 -15 -13 -12 -16 -15 -16 -15 1
DST1101*10RRX020   0 -16 -14 -12 -12 -12 -12 -10 -13 -16 -15 -16 -17 -17 -14 -11 -11 -12 -12 -12 -10 -13 -17 -19 -19 -14 1
DST1101*11RRX020   0 -18 -17 -17 -14 -10 -11 -10  -6  -6  -8 -11 -16 -22 -21 -20 -21 -23 -24 -22 -16 -11 -14 -18 -15 -15 1
DST1101*12RRX020   0 -11  -9  -3  -2  -2  -4  -5  -5  -5 -11 -14 -13  -8  -6  -2  -4  -9 -12  -9  -6  -9  -8 -14 -15  -8 1
DST1101*13RRX020   0 -14 -13 -11  -9  -7  -4  -6  -5  -6  -4  -7 -11 -14 -15 -14 -13 -15 -18 -14 -20 -25 -25 -29 -28 -14 1
DST1101*14RRX020   0 -28 -29 -29 -24 -19 -16 -14 -13 -17 -16 -15 -15 -12 -15 -19 -21 -21 -17 -11  -9 -13 -15 -19 -19 -18 1
DST1101*15RRX020   0 -20 -18 -14 -13 -17 -16 -14 -12  -8  -8 -12 -15 -13 -12  -9  -4  -1  -4  -6  -8  -8  -8 -10  -9 -11 1
DST1101*16RRX020   0 -10  -9  -8  -8  -6  -6  -7  -5  -3  -3  -2  -1   5   8  10   7  -5  -9 -10 -10  -8  -8  -8  -8  -4 1
DST1101*17RRX020   0  -6  -7  -6  -2   1  -5  -6  -8  -7  -6 -10  -8  -6  -4  -2  -3  -7  -8  -6  -5  -8  -8 -10  -9  -6 1
DST1101*18RRX020   0  -9  -8  -4  -7  -4  -4  -5  -2   4   3   0   1   2   1   5  10  10   5   8   8   5   3   1  -3   1 0
DST1101*19RRX020   0  -1   1   1  -1  -1  -1   1   0  -5 -12 -16 -12 -11  -9  -9 -10 -13 -17 -15 -14 -13 -12 -13 -15  -8 0
DST1101*20RRX020   0 -14 -12 -12 -14 -12  -9  -9  -9 -10  -8 -10  -8  -4  -3  -2  -4  -5  -8  -9  -9  -7  -5  -7  -7  -8 0
DST1101*21RRX020   0  -6  -5  -6  -5  -3  -3  -5  -4  -2  -2  -4  -5  -8 -11 -15 -10  -9  -7  -2  -1  -4  -5  -7  -8  -6 0
DST1101*22RRX020   0  -8  -6  -4  -1   0  -2  -4  -4  -4  -4  -4  -3   0  -2  -8  -4  -2  -2  -3  -3  -5  -7  -8  -6  -4 0
DST1101*23RRX020   0  -4  -5  -7  -5  -2   0  -1  -1   0   0  -4  -6  -7 -10  -9  -7  -6  -5  -2  -1   0   0   0  -2  -4 0
DST1101*24RRX020   0  -1   2   3   2  -4   3   3   2   5   7   6   6   8   9   3   3   0  -3  -5  -6  -9 -13 -15 -16   0 0
DST1101*25RRX020   0 -13  -7 -11 -11 -11 -12 -12 -12 -11  -7 -12 -12  -8  -9 -10  -8  -8  -6  -5  -6  -8  -7  -6  -6  -9 0
DST1101*26RRX020   0  -7  -6  -8  -8  -9  -9  -8  -5  -3  -4  -3   0   3   1  -1  -4  -8  -1   3   1  -1  -8 -12 -10  -4 0
DST1101*27RRX020   0  -8  -7  -7  -8  -7  -6  -5  -4  -4  -6  -9 -10 -10  -9  -8  -7  -9 -10  -9  -6  -6  -3  -3  -1  -7 0
DST1101*28RRX020   0   1  -2  -4  -5  -4  -4  -4  -1   3   5   4   2   1  -3  -6  -9  -9  -1   1   1   1   0   1   1  -1 0
DST1101*29RRX020   0  -2  -3  -2   1   0  -3  -3  -3   0   3   5   8  10   4  -4  -6  -8  -9  -5  -2  -1  -1   1   4  -1 1
DST1101*30RRX020   0   4   6   3   1  -3  -9  -9  -6  -4  -3  -2  -1   1   1  -1  -3  -3   1   5   6   4   4   3   7   0 1
DST1101*31RRX020   0   9  10  11  10   7  12  14  14  15  14  17  14   9   4   2   2  21  33  36  24  13  16  19   7  14 0
DST1102*01RRX020   0  10   6   1  -4  -2  -3 -12 -15  -6  -4  -6  -6  -6  -6  -9 -13 -19 -22 -24 -22 -21 -20 -20 -20 -10 0
DST1102*02RRX020   0 -21 -20 -16 -10  -9 -12 -17 -16 -12  -7  -4  -6 -10 -12 -15 -17 -17 -16 -16 -19 -21 -22 -21 -18 -15 0
DST1102*03RRX020   0 -17 -16 -16 -16 -15 -13 -13 -15 -17 -14 -13 -12 -11 -11 -11 -10 -10 -10 -10  -9 -10 -12 -10  -6 -12 1
DST1102*04RRX020   0  -6  -6  -4  -1  -8  -9  -6  -5  -1   2  -2  -6  -5  -6   2  11  16  13  -5  -9 -32 -67 -61 -56 -10 1
DST1102*05RRX020   0 -51 -50 -48 -41 -49 -53 -56 -54 -57 -57 -52 -45 -39 -38 -36 -37 -36 -34 -31 -33 -34 -39 -40 -37 -44 1
DST1102*06RRX020   0 -37 -33 -32 -34 -36 -34 -38 -37 -40 -34 -37 -34 -36 -38 -35 -36 -37 -35 -35 -36 -36 -35 -36 -31 -36 1
DST1102*07RRX020   0 -30 -27 -26 -26 -26 -26 -26 -25 -25 -25 -26 -26 -25 -27 -26 -26 -25 -27 -26 -24 -22 -24 -24 -25 -26 1
DST1102*08RRX020   0 -25 -23 -19 -22 -23 -23 -23 -21 -19 -18 -18 -17 -14 -15 -16 -16 -15 -14 -12 -12 -12 -19 -17 -15 -20 1
DST1102*09RRX020   0 -9  -13 -14 -16 -18 -15 -15 -15 -14 -14 -15 -16 -15 -15 -17 -19 -20  -21 -21-19 -16 -19999999999999 1
