   0.00  0.10187E+06  0.12366E+01  0.28685E+03
   1.00  0.90386E+05  0.11104E+01  0.28344E+03
   2.00  0.80050E+05  0.10022E+01  0.27813E+03
   3.00  0.70710E+05  0.90688E+00  0.27150E+03
   4.00  0.62258E+05  0.82092E+00  0.26408E+03
   5.00  0.54615E+05  0.74188E+00  0.25634E+03
   6.00  0.47720E+05  0.66822E+00  0.24867E+03
   7.00  0.41525E+05  0.59906E+00  0.24137E+03
   8.00  0.35989E+05  0.53397E+00  0.23469E+03
   9.00  0.31071E+05  0.47286E+00  0.22880E+03
  10.00  0.26732E+05  0.41580E+00  0.22387E+03
  11.00  0.22931E+05  0.36303E+00  0.21995E+03
  12.00  0.19625E+05  0.31498E+00  0.21695E+03
  13.00  0.16764E+05  0.27186E+00  0.21472E+03
  14.00  0.14301E+05  0.23362E+00  0.21316E+03
  15.00  0.12189E+05  0.20005E+00  0.21217E+03
  16.00  0.10384E+05  0.17082E+00  0.21166E+03
  17.00  0.88442E+04  0.14557E+00  0.21156E+03
  18.00  0.75336E+04  0.12389E+00  0.21174E+03
  19.00  0.64189E+04  0.10537E+00  0.21212E+03
  20.00  0.54713E+04  0.89607E-01  0.21261E+03
  21.00  0.46656E+04  0.76226E-01  0.21313E+03
  22.00  0.39803E+04  0.64865E-01  0.21367E+03
  23.00  0.33972E+04  0.55214E-01  0.21425E+03
  24.00  0.29010E+04  0.47011E-01  0.21488E+03
  25.00  0.24786E+04  0.40036E-01  0.21557E+03
  26.00  0.21189E+04  0.34104E-01  0.21635E+03
  27.00  0.18126E+04  0.29056E-01  0.21722E+03
  28.00  0.15517E+04  0.24761E-01  0.21821E+03
  29.00  0.13294E+04  0.21106E-01  0.21932E+03
  30.00  0.11399E+04  0.17994E-01  0.22059E+03
  31.00  0.97844E+03  0.15346E-01  0.22202E+03
  32.00  0.84074E+03  0.13091E-01  0.22364E+03
  33.00  0.72330E+03  0.11169E-01  0.22550E+03
  34.00  0.62314E+03  0.95275E-02  0.22775E+03
  35.00  0.53773E+03  0.81283E-02  0.23036E+03
  36.00  0.46487E+03  0.69390E-02  0.23328E+03
  37.00  0.40265E+03  0.59302E-02  0.23643E+03
  38.00  0.34946E+03  0.50758E-02  0.23973E+03
  39.00  0.30390E+03  0.43527E-02  0.24312E+03
  40.00  0.26481E+03  0.37410E-02  0.24648E+03
  41.00  0.23117E+03  0.32235E-02  0.24972E+03
  42.00  0.20217E+03  0.27855E-02  0.25273E+03
  43.00  0.17707E+03  0.24144E-02  0.25537E+03
  44.00  0.15529E+03  0.20997E-02  0.25753E+03
  45.00  0.13632E+03  0.18322E-02  0.25907E+03
  46.00  0.11975E+03  0.16044E-02  0.25990E+03
  47.00  0.10522E+03  0.14089E-02  0.26004E+03
  48.00  0.92445E+02  0.12400E-02  0.25960E+03
  49.00  0.81200E+02  0.10932E-02  0.25865E+03
  50.00  0.71283E+02  0.96474E-03  0.25729E+03
  51.00  0.62532E+02  0.85186E-03  0.25561E+03
  52.00  0.54806E+02  0.75222E-03  0.25370E+03
  53.00  0.47987E+02  0.66398E-03  0.25166E+03
  54.00  0.41973E+02  0.58563E-03  0.24957E+03
  55.00  0.36672E+02  0.51594E-03  0.24750E+03
  56.00  0.32007E+02  0.45394E-03  0.24552E+03
  57.00  0.27906E+02  0.39884E-03  0.24364E+03
  58.00  0.24307E+02  0.34996E-03  0.24185E+03
  59.00  0.21151E+02  0.30668E-03  0.24016E+03
  60.00  0.18389E+02  0.26842E-03  0.23855E+03
  61.00  0.15973E+02  0.23464E-03  0.23704E+03
  62.00  0.13863E+02  0.20488E-03  0.23561E+03
  63.00  0.12023E+02  0.17870E-03  0.23427E+03
  64.00  0.10419E+02  0.15570E-03  0.23301E+03
  65.00  0.90229E+01  0.13552E-03  0.23183E+03
  66.00  0.78087E+01  0.11784E-03  0.23074E+03
  67.00  0.67537E+01  0.10237E-03  0.22972E+03
  68.00  0.58379E+01  0.88854E-04  0.22879E+03
  69.00  0.50437E+01  0.77054E-04  0.22793E+03
  70.00  0.43554E+01  0.66766E-04  0.22715E+03
  71.00  0.37594E+01  0.57809E-04  0.22645E+03
  72.00  0.32437E+01  0.50017E-04  0.22583E+03
  73.00  0.28105E+01  0.43455E-04  0.22522E+03
  74.00  0.24229E+01  0.37631E-04  0.22420E+03
  75.00  0.20871E+01  0.32624E-04  0.22277E+03
  76.00  0.17959E+01  0.28302E-04  0.22096E+03
  77.00  0.15434E+01  0.24559E-04  0.21883E+03
  78.00  0.13243E+01  0.21306E-04  0.21643E+03
  79.00  0.11343E+01  0.18472E-04  0.21382E+03
  80.00  0.96972E+00  0.16000E-04  0.21103E+03
  81.00  0.82729E+00  0.13841E-04  0.20812E+03
  82.00  0.70421E+00  0.11953E-04  0.20513E+03
  83.00  0.59805E+00  0.10303E-04  0.20210E+03
  84.00  0.50669E+00  0.88614E-05  0.19906E+03
  85.00  0.42824E+00  0.76037E-05  0.19604E+03
  86.00  0.36105E+00  0.65081E-05  0.19308E+03
  87.00  0.30368E+00  0.55557E-05  0.19018E+03
  88.00  0.25483E+00  0.47297E-05  0.18739E+03
  89.00  0.21336E+00  0.40152E-05  0.18471E+03
  90.00  0.17827E+00  0.33991E-05  0.18215E+03
  91.00  0.14865E+00  0.28693E-05  0.17976E+03
  92.00  0.12373E+00  0.24147E-05  0.17757E+03
  93.00  0.10282E+00  0.20256E-05  0.17564E+03
  94.00  0.85341E-01  0.16936E-05  0.17404E+03
  95.00  0.70763E-01  0.14114E-05  0.17280E+03
  96.00  0.58642E-01  0.11725E-05  0.17198E+03
  97.00  0.48593E-01  0.97092E-06  0.17163E+03
  98.00  0.40284E-01  0.80167E-06  0.17182E+03
  99.00  0.33430E-01  0.66014E-06  0.17261E+03
 100.00  0.27791E-01  0.54227E-06  0.17409E+03
 101.00  0.23160E-01  0.44454E-06  0.17634E+03
 102.00  0.19364E-01  0.36404E-06  0.17936E+03
 103.00  0.16254E-01  0.29808E-06  0.18313E+03
 104.00  0.13705E-01  0.24426E-06  0.18765E+03
 105.00  0.11614E-01  0.20046E-06  0.19291E+03
 106.00  0.98950E-02  0.16489E-06  0.19893E+03
 107.00  0.84791E-02  0.13601E-06  0.20570E+03
 108.00  0.73090E-02  0.11257E-06  0.21322E+03
 109.00  0.63387E-02  0.93539E-07  0.22147E+03
 110.00  0.55306E-02  0.78062E-07  0.23042E+03
 111.00  0.48546E-02  0.65455E-07  0.24003E+03
 112.00  0.42863E-02  0.55151E-07  0.25029E+03
 113.00  0.38063E-02  0.46697E-07  0.26121E+03
 114.00  0.33987E-02  0.39733E-07  0.27279E+03
 115.00  0.30510E-02  0.33975E-07  0.28499E+03
 116.00  0.27527E-02  0.29199E-07  0.29778E+03
 117.00  0.24957E-02  0.25223E-07  0.31107E+03
 118.00  0.22729E-02  0.21903E-07  0.32475E+03
 119.00  0.20788E-02  0.19124E-07  0.33867E+03
 120.00  0.19088E-02  0.16792E-07  0.35261E+03
 121.00  0.17590E-02  0.14831E-07  0.36632E+03
 122.00  0.16262E-02  0.13181E-07  0.37949E+03
 123.00  0.15077E-02  0.11790E-07  0.39173E+03
 124.00  0.14004E-02  0.10666E-07  0.40060E+03
 125.00  0.13038E-02  0.96595E-08  0.41022E+03
 126.00  0.12161E-02  0.87780E-08  0.41943E+03
 127.00  0.11363E-02  0.80023E-08  0.42824E+03
 128.00  0.10633E-02  0.73166E-08  0.43667E+03
 129.00  0.99653E-03  0.67078E-08  0.44474E+03
 130.00  0.93521E-03  0.61651E-08  0.45246E+03
 131.00  0.87878E-03  0.56796E-08  0.45985E+03
 132.00  0.82674E-03  0.52437E-08  0.46693E+03
 133.00  0.77865E-03  0.48510E-08  0.47370E+03
 134.00  0.73413E-03  0.44963E-08  0.48017E+03
 135.00  0.69284E-03  0.41749E-08  0.48638E+03
 136.00  0.65448E-03  0.38829E-08  0.49231E+03
 137.00  0.61878E-03  0.36170E-08  0.49799E+03
 138.00  0.58552E-03  0.33743E-08  0.50343E+03
 139.00  0.55448E-03  0.31522E-08  0.50863E+03
 140.00  0.52548E-03  0.29485E-08  0.51361E+03
 141.00  0.49835E-03  0.27614E-08  0.51838E+03
 142.00  0.47294E-03  0.25892E-08  0.52295E+03
 143.00  0.44912E-03  0.24305E-08  0.52731E+03
 144.00  0.42675E-03  0.22838E-08  0.53150E+03
 145.00  0.40574E-03  0.21481E-08  0.53550E+03
 146.00  0.38598E-03  0.20224E-08  0.53933E+03
 147.00  0.36738E-03  0.19057E-08  0.54300E+03
 148.00  0.34985E-03  0.17973E-08  0.54651E+03
 149.00  0.33333E-03  0.16965E-08  0.54987E+03
 150.00  0.31774E-03  0.16025E-08  0.55309E+03
 151.00  0.30301E-03  0.15149E-08  0.55617E+03
 152.00  0.28910E-03  0.14330E-08  0.55912E+03
 153.00  0.27594E-03  0.13565E-08  0.56194E+03
 154.00  0.26349E-03  0.12849E-08  0.56464E+03
 155.00  0.25170E-03  0.12179E-08  0.56723E+03
 156.00  0.24052E-03  0.11550E-08  0.56970E+03
 157.00  0.22993E-03  0.10960E-08  0.57208E+03
 158.00  0.21989E-03  0.10406E-08  0.57435E+03
 159.00  0.21035E-03  0.98845E-09  0.57652E+03
 160.00  0.20130E-03  0.93943E-09  0.57860E+03
 161.00  0.19265E-03  0.89301E-09  0.58059E+03
 162.00  0.18448E-03  0.84955E-09  0.58250E+03
 163.00  0.17671E-03  0.80857E-09  0.58433E+03
 164.00  0.16932E-03  0.76991E-09  0.58608E+03
 165.00  0.16229E-03  0.73340E-09  0.58775E+03
 166.00  0.15559E-03  0.69890E-09  0.58935E+03
 167.00  0.14921E-03  0.66629E-09  0.59089E+03
 168.00  0.14312E-03  0.63545E-09  0.59236E+03
 169.00  0.13733E-03  0.60626E-09  0.59376E+03
 170.00  0.13180E-03  0.57861E-09  0.59511E+03
 171.00  0.12652E-03  0.55242E-09  0.59640E+03
 172.00  0.12149E-03  0.52759E-09  0.59764E+03
 173.00  0.11668E-03  0.50404E-09  0.59882E+03
 174.00  0.11209E-03  0.48170E-09  0.59996E+03
 175.00  0.10771E-03  0.46049E-09  0.60104E+03
 176.00  0.10351E-03  0.44035E-09  0.60208E+03
 177.00  0.99508E-04  0.42121E-09  0.60307E+03
 178.00  0.95678E-04  0.40303E-09  0.60403E+03
 179.00  0.92014E-04  0.38573E-09  0.60494E+03
 180.00  0.88508E-04  0.36928E-09  0.60581E+03
 181.00  0.85153E-04  0.35362E-09  0.60665E+03
 182.00  0.81941E-04  0.33872E-09  0.60745E+03
 183.00  0.78866E-04  0.32452E-09  0.60822E+03
 184.00  0.75920E-04  0.31100E-09  0.60895E+03
 185.00  0.73098E-04  0.29812E-09  0.60966E+03
 186.00  0.70394E-04  0.28583E-09  0.61033E+03
 187.00  0.67802E-04  0.27412E-09  0.61098E+03
 188.00  0.65316E-04  0.26295E-09  0.61160E+03
 189.00  0.62933E-04  0.25229E-09  0.61219E+03
 190.00  0.60647E-04  0.24211E-09  0.61276E+03
 191.00  0.58454E-04  0.23240E-09  0.61330E+03
 192.00  0.56349E-04  0.22312E-09  0.61382E+03
 193.00  0.54329E-04  0.21426E-09  0.61432E+03
 194.00  0.52390E-04  0.20579E-09  0.61480E+03
 195.00  0.50528E-04  0.19770E-09  0.61526E+03
 196.00  0.48739E-04  0.18996E-09  0.61569E+03
 197.00  0.47021E-04  0.18257E-09  0.61611E+03
 198.00  0.45370E-04  0.17549E-09  0.61652E+03
 199.00  0.43784E-04  0.16872E-09  0.61690E+03
 200.00  0.42259E-04  0.16224E-09  0.61727E+03
 201.00  0.40793E-04  0.15604E-09  0.61762E+03
 202.00  0.39384E-04  0.15010E-09  0.61796E+03
 203.00  0.38028E-04  0.14441E-09  0.61829E+03
 204.00  0.36724E-04  0.13897E-09  0.61860E+03
 205.00  0.35470E-04  0.13375E-09  0.61889E+03
 206.00  0.34263E-04  0.12875E-09  0.61918E+03
 207.00  0.33101E-04  0.12395E-09  0.61945E+03
 208.00  0.31983E-04  0.11936E-09  0.61971E+03
 209.00  0.30907E-04  0.11496E-09  0.61997E+03
 210.00  0.29871E-04  0.11073E-09  0.62021E+03
 211.00  0.28872E-04  0.10668E-09  0.62044E+03
 212.00  0.27911E-04  0.10279E-09  0.62066E+03
 213.00  0.26985E-04  0.99057E-10  0.62087E+03
 214.00  0.26093E-04  0.95476E-10  0.62107E+03
 215.00  0.25233E-04  0.92038E-10  0.62126E+03
 216.00  0.24404E-04  0.88737E-10  0.62145E+03
 217.00  0.23606E-04  0.85567E-10  0.62163E+03
 218.00  0.22836E-04  0.82522E-10  0.62180E+03
 219.00  0.22093E-04  0.79596E-10  0.62196E+03
 220.00  0.21377E-04  0.76786E-10  0.62212E+03
 221.00  0.20687E-04  0.74084E-10  0.62227E+03
 222.00  0.20021E-04  0.71488E-10  0.62241E+03
 223.00  0.19378E-04  0.68992E-10  0.62255E+03
 224.00  0.18758E-04  0.66592E-10  0.62268E+03
 225.00  0.18160E-04  0.64284E-10  0.62281E+03
 226.00  0.17583E-04  0.62064E-10  0.62293E+03
 227.00  0.17025E-04  0.59929E-10  0.62305E+03
 228.00  0.16487E-04  0.57874E-10  0.62316E+03
 229.00  0.15968E-04  0.55897E-10  0.62326E+03
 230.00  0.15466E-04  0.53994E-10  0.62337E+03
 231.00  0.14982E-04  0.52162E-10  0.62346E+03
 232.00  0.14514E-04  0.50399E-10  0.62356E+03
 233.00  0.14062E-04  0.48701E-10  0.62365E+03
 234.00  0.13626E-04  0.47065E-10  0.62373E+03
 235.00  0.13204E-04  0.45490E-10  0.62382E+03
 236.00  0.12796E-04  0.43973E-10  0.62390E+03
 237.00  0.12402E-04  0.42511E-10  0.62397E+03
 238.00  0.12022E-04  0.41103E-10  0.62404E+03
 239.00  0.11653E-04  0.39745E-10  0.62411E+03
 240.00  0.11298E-04  0.38437E-10  0.62418E+03
 241.00  0.10954E-04  0.37175E-10  0.62424E+03
 242.00  0.10621E-04  0.35959E-10  0.62431E+03
 243.00  0.10299E-04  0.34787E-10  0.62437E+03
 244.00  0.99884E-05  0.33656E-10  0.62442E+03
 245.00  0.96875E-05  0.32565E-10  0.62448E+03
 246.00  0.93964E-05  0.31513E-10  0.62453E+03
 247.00  0.91148E-05  0.30497E-10  0.62458E+03
 248.00  0.88423E-05  0.29518E-10  0.62462E+03
 249.00  0.85787E-05  0.28573E-10  0.62467E+03
 250.00  0.83235E-05  0.27660E-10  0.62471E+03
 251.00  0.80766E-05  0.26779E-10  0.62476E+03
 252.00  0.78376E-05  0.25929E-10  0.62480E+03
 253.00  0.76063E-05  0.25108E-10  0.62483E+03
 254.00  0.73823E-05  0.24316E-10  0.62487E+03
 255.00  0.71654E-05  0.23550E-10  0.62491E+03
 256.00  0.69555E-05  0.22811E-10  0.62494E+03
 257.00  0.67521E-05  0.22097E-10  0.62497E+03
 258.00  0.65552E-05  0.21407E-10  0.62500E+03
 259.00  0.63645E-05  0.20740E-10  0.62503E+03
 260.00  0.61798E-05  0.20096E-10  0.62506E+03
 261.00  0.60008E-05  0.19474E-10  0.62509E+03
 262.00  0.58275E-05  0.18872E-10  0.62512E+03
 263.00  0.56595E-05  0.18290E-10  0.62514E+03
 264.00  0.54968E-05  0.17728E-10  0.62517E+03
 265.00  0.53391E-05  0.17185E-10  0.62519E+03
 266.00  0.51863E-05  0.16659E-10  0.62521E+03
 267.00  0.50382E-05  0.16151E-10  0.62523E+03
 268.00  0.48946E-05  0.15659E-10  0.62525E+03
 269.00  0.47555E-05  0.15184E-10  0.62527E+03
 270.00  0.46206E-05  0.14724E-10  0.62529E+03
 271.00  0.44898E-05  0.14279E-10  0.62531E+03
 272.00  0.43630E-05  0.13848E-10  0.62533E+03
 273.00  0.42401E-05  0.13432E-10  0.62534E+03
 274.00  0.41209E-05  0.13029E-10  0.62536E+03
 275.00  0.40053E-05  0.12639E-10  0.62537E+03
 276.00  0.38932E-05  0.12261E-10  0.62539E+03
 277.00  0.37845E-05  0.11896E-10  0.62540E+03
 278.00  0.36791E-05  0.11542E-10  0.62542E+03
 279.00  0.35768E-05  0.11199E-10  0.62543E+03
 280.00  0.34776E-05  0.10868E-10  0.62544E+03
 281.00  0.33813E-05  0.10547E-10  0.62545E+03
 282.00  0.32879E-05  0.10236E-10  0.62547E+03
 283.00  0.31973E-05  0.99345E-11  0.62548E+03
 284.00  0.31094E-05  0.96428E-11  0.62549E+03
 285.00  0.30241E-05  0.93603E-11  0.62550E+03
 286.00  0.29413E-05  0.90866E-11  0.62551E+03
 287.00  0.28609E-05  0.88215E-11  0.62552E+03
 288.00  0.27829E-05  0.85646E-11  0.62552E+03
 289.00  0.27072E-05  0.83156E-11  0.62553E+03
 290.00  0.26338E-05  0.80744E-11  0.62554E+03
 291.00  0.25624E-05  0.78406E-11  0.62555E+03
 292.00  0.24932E-05  0.76141E-11  0.62556E+03
 293.00  0.24260E-05  0.73945E-11  0.62556E+03
 294.00  0.23607E-05  0.71816E-11  0.62557E+03
 295.00  0.22974E-05  0.69753E-11  0.62558E+03
 296.00  0.22358E-05  0.67753E-11  0.62558E+03
 297.00  0.21761E-05  0.65813E-11  0.62559E+03
 298.00  0.21180E-05  0.63933E-11  0.62559E+03
 299.00  0.20617E-05  0.62109E-11  0.62560E+03
 300.00  0.20070E-05  0.60341E-11  0.62561E+03
 301.00  0.19538E-05  0.58626E-11  0.62561E+03
 302.00  0.19022E-05  0.56963E-11  0.62562E+03
 303.00  0.18520E-05  0.55350E-11  0.62562E+03
 304.00  0.18033E-05  0.53786E-11  0.62563E+03
 305.00  0.17560E-05  0.52268E-11  0.62563E+03
 306.00  0.17100E-05  0.50796E-11  0.62563E+03
 307.00  0.16653E-05  0.49367E-11  0.62564E+03
 308.00  0.16219E-05  0.47981E-11  0.62564E+03
 309.00  0.15798E-05  0.46637E-11  0.62565E+03
 310.00  0.15388E-05  0.45332E-11  0.62565E+03
 311.00  0.14989E-05  0.44066E-11  0.62565E+03
 312.00  0.14602E-05  0.42837E-11  0.62566E+03
 313.00  0.14226E-05  0.41644E-11  0.62566E+03
 314.00  0.13861E-05  0.40487E-11  0.62566E+03
 315.00  0.13506E-05  0.39363E-11  0.62566E+03
 316.00  0.13160E-05  0.38273E-11  0.62567E+03
 317.00  0.12825E-05  0.37214E-11  0.62567E+03
 318.00  0.12498E-05  0.36187E-11  0.62567E+03
 319.00  0.12181E-05  0.35189E-11  0.62567E+03
 320.00  0.11873E-05  0.34220E-11  0.62568E+03
 321.00  0.11573E-05  0.33280E-11  0.62568E+03
 322.00  0.11281E-05  0.32367E-11  0.62568E+03
 323.00  0.10998E-05  0.31480E-11  0.62568E+03
 324.00  0.10722E-05  0.30619E-11  0.62569E+03
 325.00  0.10455E-05  0.29783E-11  0.62569E+03
 326.00  0.10194E-05  0.28971E-11  0.62569E+03
 327.00  0.99406E-06  0.28182E-11  0.62569E+03
 328.00  0.96942E-06  0.27416E-11  0.62569E+03
 329.00  0.94545E-06  0.26672E-11  0.62569E+03
 330.00  0.92215E-06  0.25950E-11  0.62570E+03
 331.00  0.89948E-06  0.25248E-11  0.62570E+03
 332.00  0.87743E-06  0.24566E-11  0.62570E+03
 333.00  0.85598E-06  0.23903E-11  0.62570E+03
 334.00  0.83511E-06  0.23259E-11  0.62570E+03
 335.00  0.81481E-06  0.22634E-11  0.62570E+03
 336.00  0.79507E-06  0.22026E-11  0.62570E+03
 337.00  0.77586E-06  0.21436E-11  0.62570E+03
 338.00  0.75717E-06  0.20862E-11  0.62571E+03
 339.00  0.73898E-06  0.20305E-11  0.62571E+03
 340.00  0.72129E-06  0.19763E-11  0.62571E+03
 341.00  0.70407E-06  0.19237E-11  0.62571E+03
 342.00  0.68732E-06  0.18725E-11  0.62571E+03
 343.00  0.67101E-06  0.18228E-11  0.62571E+03
 344.00  0.65514E-06  0.17745E-11  0.62571E+03
 345.00  0.63970E-06  0.17275E-11  0.62571E+03
 346.00  0.62467E-06  0.16818E-11  0.62571E+03
 347.00  0.61005E-06  0.16375E-11  0.62571E+03
 348.00  0.59581E-06  0.15943E-11  0.62571E+03
 349.00  0.58195E-06  0.15524E-11  0.62572E+03
 350.00  0.56846E-06  0.15116E-11  0.62572E+03
 351.00  0.55533E-06  0.14720E-11  0.62572E+03
 352.00  0.54254E-06  0.14334E-11  0.62572E+03
 353.00  0.53010E-06  0.13960E-11  0.62572E+03
 354.00  0.51798E-06  0.13595E-11  0.62572E+03
 355.00  0.50618E-06  0.13241E-11  0.62572E+03
 356.00  0.49469E-06  0.12897E-11  0.62572E+03
 357.00  0.48351E-06  0.12562E-11  0.62572E+03
 358.00  0.47262E-06  0.12236E-11  0.62572E+03
 359.00  0.46201E-06  0.11920E-11  0.62572E+03
 360.00  0.45168E-06  0.11612E-11  0.62572E+03
 361.00  0.44162E-06  0.11312E-11  0.62572E+03
 362.00  0.43182E-06  0.11021E-11  0.62572E+03
 363.00  0.42228E-06  0.10738E-11  0.62572E+03
 364.00  0.41298E-06  0.10462E-11  0.62572E+03
 365.00  0.40393E-06  0.10194E-11  0.62572E+03
 366.00  0.39511E-06  0.99333E-12  0.62572E+03
 367.00  0.38652E-06  0.96797E-12  0.62572E+03
 368.00  0.37815E-06  0.94330E-12  0.62572E+03
 369.00  0.36999E-06  0.91931E-12  0.62572E+03
 370.00  0.36205E-06  0.89596E-12  0.62573E+03
 371.00  0.35431E-06  0.87325E-12  0.62573E+03
 372.00  0.34676E-06  0.85116E-12  0.62573E+03
 373.00  0.33941E-06  0.82967E-12  0.62573E+03
 374.00  0.33225E-06  0.80875E-12  0.62573E+03
 375.00  0.32527E-06  0.78841E-12  0.62573E+03
 376.00  0.31847E-06  0.76861E-12  0.62573E+03
 377.00  0.31184E-06  0.74935E-12  0.62573E+03
 378.00  0.30538E-06  0.73060E-12  0.62573E+03
 379.00  0.29908E-06  0.71236E-12  0.62573E+03
 380.00  0.29294E-06  0.69461E-12  0.62573E+03
 381.00  0.28695E-06  0.67734E-12  0.62573E+03
 382.00  0.28112E-06  0.66053E-12  0.62573E+03
 383.00  0.27543E-06  0.64417E-12  0.62573E+03
 384.00  0.26989E-06  0.62825E-12  0.62573E+03
 385.00  0.26448E-06  0.61275E-12  0.62573E+03
 386.00  0.25921E-06  0.59767E-12  0.62573E+03
 387.00  0.25406E-06  0.58299E-12  0.62573E+03
 388.00  0.24905E-06  0.56870E-12  0.62573E+03
 389.00  0.24416E-06  0.55479E-12  0.62573E+03
 390.00  0.23939E-06  0.54125E-12  0.62573E+03
 391.00  0.23474E-06  0.52808E-12  0.62573E+03
 392.00  0.23020E-06  0.51525E-12  0.62573E+03
 393.00  0.22578E-06  0.50276E-12  0.62573E+03
 394.00  0.22146E-06  0.49060E-12  0.62573E+03
 395.00  0.21725E-06  0.47876E-12  0.62573E+03
 396.00  0.21314E-06  0.46724E-12  0.62573E+03
 397.00  0.20913E-06  0.45602E-12  0.62573E+03
 398.00  0.20522E-06  0.44509E-12  0.62573E+03
 399.00  0.20141E-06  0.43445E-12  0.62573E+03
 400.00  0.19768E-06  0.42409E-12  0.62573E+03
 401.00  0.19405E-06  0.41401E-12  0.62573E+03
 402.00  0.19050E-06  0.40419E-12  0.62573E+03
 403.00  0.18704E-06  0.39462E-12  0.62573E+03
 404.00  0.18366E-06  0.38531E-12  0.62573E+03
 405.00  0.18036E-06  0.37624E-12  0.62573E+03
 406.00  0.17714E-06  0.36740E-12  0.62573E+03
 407.00  0.17400E-06  0.35880E-12  0.62573E+03
 408.00  0.17093E-06  0.35042E-12  0.62573E+03
 409.00  0.16793E-06  0.34226E-12  0.62573E+03
 410.00  0.16501E-06  0.33431E-12  0.62573E+03
 411.00  0.16215E-06  0.32657E-12  0.62573E+03
 412.00  0.15936E-06  0.31903E-12  0.62573E+03
 413.00  0.15663E-06  0.31168E-12  0.62573E+03
 414.00  0.15397E-06  0.30452E-12  0.62573E+03
 415.00  0.15137E-06  0.29755E-12  0.62573E+03
 416.00  0.14883E-06  0.29076E-12  0.62573E+03
 417.00  0.14635E-06  0.28414E-12  0.62573E+03
 418.00  0.14392E-06  0.27769E-12  0.62573E+03
 419.00  0.14156E-06  0.27141E-12  0.62573E+03
 420.00  0.13924E-06  0.26529E-12  0.62573E+03
 421.00  0.13698E-06  0.25933E-12  0.62573E+03
 422.00  0.13477E-06  0.25351E-12  0.62573E+03
 423.00  0.13261E-06  0.24785E-12  0.62573E+03
 424.00  0.13050E-06  0.24233E-12  0.62573E+03
 425.00  0.12843E-06  0.23696E-12  0.62573E+03
 426.00  0.12642E-06  0.23172E-12  0.62573E+03
 427.00  0.12444E-06  0.22661E-12  0.62573E+03
 428.00  0.12252E-06  0.22163E-12  0.62573E+03
 429.00  0.12063E-06  0.21678E-12  0.62573E+03
 430.00  0.11879E-06  0.21205E-12  0.62573E+03
 431.00  0.11698E-06  0.20744E-12  0.62573E+03
 432.00  0.11522E-06  0.20295E-12  0.62573E+03
 433.00  0.11349E-06  0.19857E-12  0.62573E+03
 434.00  0.11181E-06  0.19430E-12  0.62573E+03
 435.00  0.11016E-06  0.19014E-12  0.62573E+03
 436.00  0.10854E-06  0.18608E-12  0.62573E+03
 437.00  0.10696E-06  0.18213E-12  0.62573E+03
 438.00  0.10542E-06  0.17827E-12  0.62573E+03
 439.00  0.10390E-06  0.17451E-12  0.62573E+03
 440.00  0.10242E-06  0.17084E-12  0.62573E+03
 441.00  0.10097E-06  0.16727E-12  0.62573E+03
 442.00  0.99556E-07  0.16378E-12  0.62573E+03
 443.00  0.98167E-07  0.16038E-12  0.62573E+03
 444.00  0.96808E-07  0.15706E-12  0.62573E+03
 445.00  0.95477E-07  0.15383E-12  0.62573E+03
 446.00  0.94174E-07  0.15068E-12  0.62573E+03
 447.00  0.92898E-07  0.14760E-12  0.62573E+03
 448.00  0.91648E-07  0.14460E-12  0.62573E+03
 449.00  0.90425E-07  0.14167E-12  0.62573E+03
 450.00  0.89226E-07  0.13882E-12  0.62573E+03
 451.00  0.88051E-07  0.13603E-12  0.62573E+03
 452.00  0.86900E-07  0.13332E-12  0.62573E+03
 453.00  0.85773E-07  0.13067E-12  0.62573E+03
 454.00  0.84668E-07  0.12808E-12  0.62573E+03
 455.00  0.83586E-07  0.12556E-12  0.62573E+03
 456.00  0.82525E-07  0.12309E-12  0.62573E+03
 457.00  0.81485E-07  0.12069E-12  0.62573E+03
 458.00  0.80466E-07  0.11835E-12  0.62573E+03
 459.00  0.79466E-07  0.11606E-12  0.62573E+03
 460.00  0.78487E-07  0.11383E-12  0.62573E+03
 461.00  0.77526E-07  0.11165E-12  0.62573E+03
 462.00  0.76584E-07  0.10952E-12  0.62573E+03
 463.00  0.75660E-07  0.10745E-12  0.62573E+03
 464.00  0.74754E-07  0.10542E-12  0.62573E+03
 465.00  0.73865E-07  0.10344E-12  0.62573E+03
 466.00  0.72993E-07  0.10151E-12  0.62573E+03
 467.00  0.72138E-07  0.99625E-13  0.62573E+03
 468.00  0.71298E-07  0.97785E-13  0.62573E+03
 469.00  0.70475E-07  0.95988E-13  0.62573E+03
 470.00  0.69666E-07  0.94233E-13  0.62573E+03
 471.00  0.68873E-07  0.92520E-13  0.62573E+03
 472.00  0.68094E-07  0.90847E-13  0.62573E+03
 473.00  0.67330E-07  0.89213E-13  0.62573E+03
 474.00  0.66579E-07  0.87617E-13  0.62573E+03
 475.00  0.65842E-07  0.86058E-13  0.62573E+03
 476.00  0.65119E-07  0.84536E-13  0.62573E+03
 477.00  0.64408E-07  0.83048E-13  0.62573E+03
 478.00  0.63710E-07  0.81596E-13  0.62573E+03
 479.00  0.63024E-07  0.80176E-13  0.62573E+03
 480.00  0.62351E-07  0.78790E-13  0.62573E+03
 481.00  0.61689E-07  0.77435E-13  0.62573E+03
 482.00  0.61039E-07  0.76111E-13  0.62573E+03
 483.00  0.60400E-07  0.74818E-13  0.62573E+03
 484.00  0.59772E-07  0.73554E-13  0.62573E+03
 485.00  0.59155E-07  0.72318E-13  0.62573E+03
 486.00  0.58548E-07  0.71111E-13  0.62573E+03
 487.00  0.57952E-07  0.69931E-13  0.62573E+03
 488.00  0.57366E-07  0.68777E-13  0.62573E+03
 489.00  0.56789E-07  0.67650E-13  0.62573E+03
 490.00  0.56222E-07  0.66547E-13  0.62573E+03
 491.00  0.55665E-07  0.65470E-13  0.62573E+03
 492.00  0.55116E-07  0.64416E-13  0.62573E+03
 493.00  0.54577E-07  0.63386E-13  0.62573E+03
 494.00  0.54046E-07  0.62378E-13  0.62573E+03
 495.00  0.53524E-07  0.61393E-13  0.62573E+03
 496.00  0.53010E-07  0.60429E-13  0.62573E+03
 497.00  0.52505E-07  0.59486E-13  0.62573E+03
 498.00  0.52007E-07  0.58565E-13  0.62573E+03
 499.00  0.51518E-07  0.57663E-13  0.62573E+03
