   60.00 -0.10000E+01 299.9  -1.0 110.0  87.9
   61.00 -0.10000E+01 299.9  -1.0 110.0  87.9
   62.00 -0.10000E+01 299.9  -1.0 110.0  87.9
   63.00 -0.10000E+01 299.9  -1.0 110.0  87.9
   64.00 -0.10000E+01 299.9  -1.0 110.0  87.9
   65.00 -0.10000E+01 299.9  -1.0 110.0  87.9
   66.00 -0.10000E+01 299.9  -1.0 110.0  87.9
   67.00 -0.10000E+01 299.9  -1.0 110.0  87.9
   68.00 -0.10000E+01 299.9  -1.0 110.0  87.9
   69.00 -0.10000E+01 299.9  -1.0 110.0  87.9
   70.00 -0.10000E+01 299.9  -1.0 110.0  87.9
   71.00 -0.10000E+01 299.9  -1.0 110.0  87.9
   72.00 -0.10000E+01 299.9  -1.0 110.0  87.9
   73.00 -0.10000E+01 299.9  -1.0 110.0  87.9
   74.00 -0.10000E+01 299.9  -1.0 110.0  87.9
   75.00 -0.10000E+01 299.9  -1.0 110.0  87.9
   76.00 -0.10000E+01 299.9  -1.0 110.0  87.9
   77.00 -0.10000E+01 299.9  -1.0 110.0  87.9
   78.00 -0.10000E+01 299.9  -1.0 110.0  87.9
   79.00 -0.10000E+01 299.9  -1.0 110.0  87.9
   80.00  0.13718E+07 299.9  -1.0 110.0  87.9
   81.00  0.84256E+07 299.9  -1.0 110.0  87.9
   82.00  0.33172E+08 299.9  -1.0 110.0  87.9
   83.00  0.89296E+08 299.9  -1.0 110.0  87.9
   84.00  0.17531E+09 299.9  -1.0 110.0  87.9
   85.00  0.26773E+09 299.9  -1.0 110.0  87.9
   86.00  0.33927E+09 299.9  -1.0 110.0  87.9
   87.00  0.38052E+09 299.9  -1.0 110.0  87.9
   88.00  0.40292E+09 299.9  -1.0 110.0  87.9
   89.00  0.42836E+09 299.9  -1.0 110.0  87.9
   90.00  0.48258E+09 299.9  -1.0 110.0  87.9
   91.00  0.60728E+09 299.9  -1.0 110.0  87.9
   92.00  0.89985E+09 299.9  -1.0 110.0  87.9
   93.00  0.11629E+10 299.9  -1.0 110.0  87.9
   94.00  0.12674E+10 299.9  -1.0 110.0  87.9
   95.00  0.13552E+10 299.9  -1.0 110.0  87.9
   96.00  0.14265E+10 299.9  -1.0 110.0  87.9
   97.00  0.14826E+10 299.9  -1.0 110.0  87.9
   98.00  0.15253E+10 299.9  -1.0 110.0  87.9
   99.00  0.15566E+10 299.9  -1.0 110.0  87.9
  100.00  0.15788E+10 299.9  -1.0 110.0  87.9
  101.00  0.15938E+10 299.9  -1.0 110.0  87.9
  102.00  0.16035E+10 299.9  -1.0 110.0  87.9
  103.00  0.16095E+10 299.9  -1.0 110.0  87.9
  104.00  0.16129E+10 299.9  -1.0 110.0  87.9
  105.00  0.16146E+10 299.9  -1.0 110.0  87.9
  106.00  0.16154E+10 299.9  -1.0 110.0  87.9
  107.00  0.16157E+10 299.9  -1.0 110.0  87.9
  108.00  0.16158E+10 299.9  -1.0 110.0  87.9
  109.00  0.16158E+10 299.9  -1.0 110.0  87.9
  110.00  0.16158E+10 299.9  -1.0 110.0  87.9
  111.00  0.16024E+10 299.9  -1.0 110.0  87.9
  112.00  0.15650E+10 299.9  -1.0 110.0  87.9
  113.00  0.15080E+10 299.9  -1.0 110.0  87.9
  114.00  0.14363E+10 299.9  -1.0 110.0  87.9
  115.00  0.13543E+10 299.9  -1.0 110.0  87.9
  116.00  0.12664E+10 299.9  -1.0 110.0  87.9
  117.00  0.11760E+10 299.9  -1.0 110.0  87.9
  118.00  0.10863E+10 299.9  -1.0 110.0  87.9
  119.00  0.99931E+09 299.9  -1.0 110.0  87.9
  120.00  0.91679E+09 299.9  -1.0 110.0  87.9
  121.00  0.83978E+09 299.9  -1.0 110.0  87.9
  122.00  0.76893E+09 299.9  -1.0 110.0  87.9
  123.00  0.70451E+09 299.9  -1.0 110.0  87.9
  124.00  0.64654E+09 299.9  -1.0 110.0  87.9
  125.00  0.59485E+09 299.9  -1.0 110.0  87.9
  126.00  0.54914E+09 299.9  -1.0 110.0  87.9
  127.00  0.50905E+09 299.9  -1.0 110.0  87.9
  128.00  0.47417E+09 299.9  -1.0 110.0  87.9
  129.00  0.44409E+09 299.9  -1.0 110.0  87.9
  130.00  0.41843E+09 299.9  -1.0 110.0  87.9
  131.00  0.39681E+09 299.9  -1.0 110.0  87.9
  132.00  0.37893E+09 299.9  -1.0 110.0  87.9
  133.00  0.36448E+09 299.9  -1.0 110.0  87.9
  134.00  0.35325E+09 299.9  -1.0 110.0  87.9
  135.00  0.34503E+09 299.9  -1.0 110.0  87.9
  136.00  0.33969E+09 299.9  -1.0 110.0  87.9
  137.00  0.33713E+09 299.9  -1.0 110.0  87.9
  138.00  0.33730E+09 299.9  -1.0 110.0  87.9
  139.00  0.34019E+09 299.9  -1.0 110.0  87.9
  140.00  0.34585E+09 299.9  -1.0 110.0  87.9
  141.00  0.35438E+09 299.9  -1.0 110.0  87.9
  142.00  0.36589E+09 299.9  -1.0 110.0  87.9
  143.00  0.38057E+09 299.9  -1.0 110.0  87.9
  144.00  0.39865E+09 299.9  -1.0 110.0  87.9
  145.00  0.42039E+09 299.9  -1.0 110.0  87.9
  146.00  0.44612E+09 299.9  -1.0 110.0  87.9
  147.00  0.47619E+09 299.9  -1.0 110.0  87.9
  148.00  0.51098E+09 299.9  -1.0 110.0  87.9
  149.00  0.55092E+09 299.9  -1.0 110.0  87.9
  150.00  0.59644E+09 299.9  -1.0 110.0  87.9
  151.00  0.64794E+09 299.9  -1.0 110.0  87.9
  152.00  0.70582E+09 299.9  -1.0 110.0  87.9
  153.00  0.77039E+09 299.9  -1.0 110.0  87.9
  154.00  0.84185E+09 299.9  -1.0 110.0  87.9
  155.00  0.92023E+09 299.9  -1.0 110.0  87.9
  156.00  0.10053E+10 299.9  -1.0 110.0  87.9
  157.00  0.10967E+10 299.9  -1.0 110.0  87.9
  158.00  0.11933E+10 299.9  -1.0 110.0  87.9
  159.00  0.12940E+10 299.9  -1.0 110.0  87.9
  160.00  0.13967E+10 299.9  -1.0 110.0  87.9
  161.00  0.14992E+10 299.9  -1.0 110.0  87.9
  162.00  0.15982E+10 299.9  -1.0 110.0  87.9
  163.00  0.16518E+10 299.9  -1.0 110.0  87.9
  164.00  0.16974E+10 299.9  -1.0 110.0  87.9
  165.00  0.17444E+10 299.9  -1.0 110.0  87.9
  166.00  0.17931E+10 299.9  -1.0 110.0  87.9
  167.00  0.18434E+10 299.9  -1.0 110.0  87.9
  168.00  0.18956E+10 299.9  -1.0 110.0  87.9
  169.00  0.19495E+10 299.9  -1.0 110.0  87.9
  170.00  0.20054E+10 299.9  -1.0 110.0  87.9
  171.00  0.20634E+10 299.9  -1.0 110.0  87.9
  172.00  0.21234E+10 299.9  -1.0 110.0  87.9
  173.00  0.21857E+10 299.9  -1.0 110.0  87.9
  174.00  0.22504E+10 299.9  -1.0 110.0  87.9
  175.00  0.23175E+10 299.9  -1.0 110.0  87.9
  176.00  0.23871E+10 299.9  -1.0 110.0  87.9
  177.00  0.24595E+10 299.9  -1.0 110.0  87.9
  178.00  0.25348E+10 299.9  -1.0 110.0  87.9
  179.00  0.26131E+10 299.9  -1.0 110.0  87.9
  180.00  0.26947E+10 299.9  -1.0 110.0  87.9
  181.00  0.27796E+10 299.9  -1.0 110.0  87.9
  182.00  0.28681E+10 299.9  -1.0 110.0  87.9
  183.00  0.29604E+10 299.9  -1.0 110.0  87.9
  184.00  0.30568E+10 299.9  -1.0 110.0  87.9
  185.00  0.31574E+10 299.9  -1.0 110.0  87.9
  186.00  0.32627E+10 299.9  -1.0 110.0  87.9
  187.00  0.33728E+10 299.9  -1.0 110.0  87.9
  188.00  0.34882E+10 299.9  -1.0 110.0  87.9
  189.00  0.36092E+10 299.9  -1.0 110.0  87.9
  190.00  0.37362E+10 299.9  -1.0 110.0  87.9
  191.00  0.38696E+10 299.9  -1.0 110.0  87.9
  192.00  0.40101E+10 299.9  -1.0 110.0  87.9
  193.00  0.41581E+10 299.9  -1.0 110.0  87.9
  194.00  0.43143E+10 299.9  -1.0 110.0  87.9
  195.00  0.44795E+10 299.9  -1.0 110.0  87.9
  196.00  0.46544E+10 299.9  -1.0 110.0  87.9
  197.00  0.48401E+10 299.9  -1.0 110.0  87.9
  198.00  0.50376E+10 299.9  -1.0 110.0  87.9
  199.00  0.52482E+10 299.9  -1.0 110.0  87.9
  200.00  0.54734E+10 299.9  -1.0 110.0  87.9
  201.00  0.57150E+10 299.9  -1.0 110.0  87.9
  202.00  0.59752E+10 299.9  -1.0 110.0  87.9
  203.00  0.62565E+10 299.9  -1.0 110.0  87.9
  204.00  0.65622E+10 299.9  -1.0 110.0  87.9
  205.00  0.68965E+10 299.9  -1.0 110.0  87.9
  206.00  0.72646E+10 299.9  -1.0 110.0  87.9
  207.00  0.76735E+10 299.9  -1.0 110.0  87.9
  208.00  0.81330E+10 299.9  -1.0 110.0  87.9
  209.00  0.86573E+10 299.9  -1.0 110.0  87.9
  210.00  0.92417E+10 299.9  -1.0 110.0  87.9
  211.00  0.98565E+10 299.9  -1.0 110.0  87.9
  212.00  0.10502E+11 299.9  -1.0 110.0  87.9
  213.00  0.11178E+11 299.9  -1.0 110.0  87.9
  214.00  0.11887E+11 299.9  -1.0 110.0  87.9
  215.00  0.12629E+11 299.9  -1.0 110.0  87.9
  216.00  0.13404E+11 299.9  -1.0 110.0  87.9
  217.00  0.14213E+11 299.9  -1.0 110.0  87.9
  218.00  0.15056E+11 299.9  -1.0 110.0  87.9
  219.00  0.15935E+11 299.9  -1.0 110.0  87.9
  220.00  0.16848E+11 299.9  -1.0 110.0  87.9
  221.00  0.17798E+11 299.9  -1.0 110.0  87.9
  222.00  0.18784E+11 299.9  -1.0 110.0  87.9
  223.00  0.19806E+11 299.9  -1.0 110.0  87.9
  224.00  0.20864E+11 299.9  -1.0 110.0  87.9
  225.00  0.21959E+11 299.9  -1.0 110.0  87.9
  226.00  0.23090E+11 299.9  -1.0 110.0  87.9
  227.00  0.24257E+11 299.9  -1.0 110.0  87.9
  228.00  0.25460E+11 299.9  -1.0 110.0  87.9
  229.00  0.26699E+11 299.9  -1.0 110.0  87.9
  230.00  0.27974E+11 299.9  -1.0 110.0  87.9
  231.00  0.29283E+11 299.9  -1.0 110.0  87.9
  232.00  0.30626E+11 299.9  -1.0 110.0  87.9
  233.00  0.32003E+11 299.9  -1.0 110.0  87.9
  234.00  0.33413E+11 299.9  -1.0 110.0  87.9
  235.00  0.34854E+11 299.9  -1.0 110.0  87.9
  236.00  0.36327E+11 299.9  -1.0 110.0  87.9
  237.00  0.37829E+11 299.9  -1.0 110.0  87.9
  238.00  0.39359E+11 299.9  -1.0 110.0  87.9
  239.00  0.40917E+11 299.9  -1.0 110.0  87.9
  240.00  0.42500E+11 299.9  -1.0 110.0  87.9
  241.00  0.44108E+11 299.9  -1.0 110.0  87.9
  242.00  0.45739E+11 299.9  -1.0 110.0  87.9
  243.00  0.47390E+11 299.9  -1.0 110.0  87.9
  244.00  0.49061E+11 299.9  -1.0 110.0  87.9
  245.00  0.50749E+11 299.9  -1.0 110.0  87.9
  246.00  0.52452E+11 299.9  -1.0 110.0  87.9
  247.00  0.54169E+11 299.9  -1.0 110.0  87.9
  248.00  0.55898E+11 299.9  -1.0 110.0  87.9
  249.00  0.57635E+11 299.9  -1.0 110.0  87.9
  250.00  0.59380E+11 299.9  -1.0 110.0  87.9
  251.00  0.61129E+11 299.9  -1.0 110.0  87.9
  252.00  0.62881E+11 299.9  -1.0 110.0  87.9
  253.00  0.64632E+11 299.9  -1.0 110.0  87.9
  254.00  0.66382E+11 299.9  -1.0 110.0  87.9
  255.00  0.68127E+11 299.9  -1.0 110.0  87.9
  256.00  0.69865E+11 299.9  -1.0 110.0  87.9
  257.00  0.71593E+11 299.9  -1.0 110.0  87.9
  258.00  0.73309E+11 299.9  -1.0 110.0  87.9
  259.00  0.75011E+11 299.9  -1.0 110.0  87.9
  260.00  0.76697E+11 299.9  -1.0 110.0  87.9
  261.00  0.78363E+11 299.9  -1.0 110.0  87.9
  262.00  0.80008E+11 299.9  -1.0 110.0  87.9
  263.00  0.81628E+11 299.9  -1.0 110.0  87.9
  264.00  0.83223E+11 299.9  -1.0 110.0  87.9
  265.00  0.84790E+11 299.9  -1.0 110.0  87.9
  266.00  0.86326E+11 299.9  -1.0 110.0  87.9
  267.00  0.87829E+11 299.9  -1.0 110.0  87.9
  268.00  0.89298E+11 299.9  -1.0 110.0  87.9
  269.00  0.90730E+11 299.9  -1.0 110.0  87.9
  270.00  0.92124E+11 299.9  -1.0 110.0  87.9
  271.00  0.93478E+11 299.9  -1.0 110.0  87.9
  272.00  0.94790E+11 299.9  -1.0 110.0  87.9
  273.00  0.96059E+11 299.9  -1.0 110.0  87.9
  274.00  0.97283E+11 299.9  -1.0 110.0  87.9
  275.00  0.98461E+11 299.9  -1.0 110.0  87.9
  276.00  0.99592E+11 299.9  -1.0 110.0  87.9
  277.00  0.10067E+12 299.9  -1.0 110.0  87.9
  278.00  0.10171E+12 299.9  -1.0 110.0  87.9
  279.00  0.10269E+12 299.9  -1.0 110.0  87.9
  280.00  0.10362E+12 299.9  -1.0 110.0  87.9
  281.00  0.10450E+12 299.9  -1.0 110.0  87.9
  282.00  0.10533E+12 299.9  -1.0 110.0  87.9
  283.00  0.10611E+12 299.9  -1.0 110.0  87.9
  284.00  0.10683E+12 299.9  -1.0 110.0  87.9
  285.00  0.10751E+12 299.9  -1.0 110.0  87.9
  286.00  0.10813E+12 299.9  -1.0 110.0  87.9
  287.00  0.10870E+12 299.9  -1.0 110.0  87.9
  288.00  0.10922E+12 299.9  -1.0 110.0  87.9
  289.00  0.10969E+12 299.9  -1.0 110.0  87.9
  290.00  0.11011E+12 299.9  -1.0 110.0  87.9
  291.00  0.11048E+12 299.9  -1.0 110.0  87.9
  292.00  0.11080E+12 299.9  -1.0 110.0  87.9
  293.00  0.11108E+12 299.9  -1.0 110.0  87.9
  294.00  0.11131E+12 299.9  -1.0 110.0  87.9
  295.00  0.11150E+12 299.9  -1.0 110.0  87.9
  296.00  0.11165E+12 299.9  -1.0 110.0  87.9
  297.00  0.11176E+12 299.9  -1.0 110.0  87.9
  298.00  0.11183E+12 299.9  -1.0 110.0  87.9
  299.00  0.11187E+12 299.9  -1.0 110.0  87.9
  300.00  0.11188E+12 299.9  -1.0 110.0  87.9
  301.00  0.11187E+12 299.9  -1.0 110.0  87.9
  302.00  0.11184E+12 299.9  -1.0 110.0  87.9
  303.00  0.11179E+12 299.9  -1.0 110.0  87.9
  304.00  0.11173E+12 299.9  -1.0 110.0  87.9
  305.00  0.11165E+12 299.9  -1.0 110.0  87.9
  306.00  0.11155E+12 299.9  -1.0 110.0  87.9
  307.00  0.11144E+12 299.9  -1.0 110.0  87.9
  308.00  0.11131E+12 299.9  -1.0 110.0  87.9
  309.00  0.11116E+12 299.9  -1.0 110.0  87.9
  310.00  0.11100E+12 299.9  -1.0 110.0  87.9
  311.00  0.11082E+12 299.9  -1.0 110.0  87.9
  312.00  0.11063E+12 299.9  -1.0 110.0  87.9
  313.00  0.11042E+12 299.9  -1.0 110.0  87.9
  314.00  0.11020E+12 299.9  -1.0 110.0  87.9
  315.00  0.10996E+12 299.9  -1.0 110.0  87.9
  316.00  0.10971E+12 299.9  -1.0 110.0  87.9
  317.00  0.10945E+12 299.9  -1.0 110.0  87.9
  318.00  0.10918E+12 299.9  -1.0 110.0  87.9
  319.00  0.10889E+12 299.9  -1.0 110.0  87.9
  320.00  0.10858E+12 299.9  -1.0 110.0  87.9
  321.00  0.10827E+12 299.9  -1.0 110.0  87.9
  322.00  0.10794E+12 299.9  -1.0 110.0  87.9
  323.00  0.10761E+12 299.9  -1.0 110.0  87.9
  324.00  0.10726E+12 299.9  -1.0 110.0  87.9
  325.00  0.10690E+12 299.9  -1.0 110.0  87.9
  326.00  0.10653E+12 299.9  -1.0 110.0  87.9
  327.00  0.10615E+12 299.9  -1.0 110.0  87.9
  328.00  0.10576E+12 299.9  -1.0 110.0  87.9
  329.00  0.10536E+12 299.9  -1.0 110.0  87.9
  330.00  0.10495E+12 299.9  -1.0 110.0  87.9
  331.00  0.10453E+12 299.9  -1.0 110.0  87.9
  332.00  0.10411E+12 299.9  -1.0 110.0  87.9
  333.00  0.10367E+12 299.9  -1.0 110.0  87.9
  334.00  0.10323E+12 299.9  -1.0 110.0  87.9
  335.00  0.10278E+12 299.9  -1.0 110.0  87.9
  336.00  0.10232E+12 299.9  -1.0 110.0  87.9
  337.00  0.10186E+12 299.9  -1.0 110.0  87.9
  338.00  0.10139E+12 299.9  -1.0 110.0  87.9
  339.00  0.10091E+12 299.9  -1.0 110.0  87.9
  340.00  0.10042E+12 299.9  -1.0 110.0  87.9
  341.00  0.99932E+11 299.9  -1.0 110.0  87.9
  342.00  0.99436E+11 299.9  -1.0 110.0  87.9
  343.00  0.98934E+11 299.9  -1.0 110.0  87.9
  344.00  0.98427E+11 299.9  -1.0 110.0  87.9
  345.00  0.97915E+11 299.9  -1.0 110.0  87.9
  346.00  0.97398E+11 299.9  -1.0 110.0  87.9
  347.00  0.96877E+11 299.9  -1.0 110.0  87.9
  348.00  0.96351E+11 299.9  -1.0 110.0  87.9
  349.00  0.95822E+11 299.9  -1.0 110.0  87.9
  350.00  0.95289E+11 299.9  -1.0 110.0  87.9
  351.00  0.94753E+11 299.9  -1.0 110.0  87.9
  352.00  0.94213E+11 299.9  -1.0 110.0  87.9
  353.00  0.93671E+11 299.9  -1.0 110.0  87.9
  354.00  0.93126E+11 299.9  -1.0 110.0  87.9
  355.00  0.92578E+11 299.9  -1.0 110.0  87.9
  356.00  0.92027E+11 299.9  -1.0 110.0  87.9
  357.00  0.91475E+11 299.9  -1.0 110.0  87.9
  358.00  0.90920E+11 299.9  -1.0 110.0  87.9
  359.00  0.90364E+11 299.9  -1.0 110.0  87.9
  360.00  0.89807E+11 299.9  -1.0 110.0  87.9
  361.00  0.89247E+11 299.9  -1.0 110.0  87.9
  362.00  0.88687E+11 299.9  -1.0 110.0  87.9
  363.00  0.88126E+11 299.9  -1.0 110.0  87.9
  364.00  0.87564E+11 299.9  -1.0 110.0  87.9
  365.00  0.87001E+11 299.9  -1.0 110.0  87.9
  366.00  0.86437E+11 299.9  -1.0 110.0  87.9
  367.00  0.85874E+11 299.9  -1.0 110.0  87.9
  368.00  0.85310E+11 299.9  -1.0 110.0  87.9
  369.00  0.84746E+11 299.9  -1.0 110.0  87.9
  370.00  0.84182E+11 299.9  -1.0 110.0  87.9
  371.00  0.83618E+11 299.9  -1.0 110.0  87.9
  372.00  0.83054E+11 299.9  -1.0 110.0  87.9
  373.00  0.82492E+11 299.9  -1.0 110.0  87.9
  374.00  0.81929E+11 299.9  -1.0 110.0  87.9
  375.00  0.81368E+11 299.9  -1.0 110.0  87.9
  376.00  0.80807E+11 299.9  -1.0 110.0  87.9
  377.00  0.80247E+11 299.9  -1.0 110.0  87.9
  378.00  0.79689E+11 299.9  -1.0 110.0  87.9
  379.00  0.79131E+11 299.9  -1.0 110.0  87.9
  380.00  0.78575E+11 299.9  -1.0 110.0  87.9
  381.00  0.78021E+11 299.9  -1.0 110.0  87.9
  382.00  0.77467E+11 299.9  -1.0 110.0  87.9
  383.00  0.76916E+11 299.9  -1.0 110.0  87.9
  384.00  0.76366E+11 299.9  -1.0 110.0  87.9
  385.00  0.75818E+11 299.9  -1.0 110.0  87.9
  386.00  0.75272E+11 299.9  -1.0 110.0  87.9
  387.00  0.74727E+11 299.9  -1.0 110.0  87.9
  388.00  0.74185E+11 299.9  -1.0 110.0  87.9
  389.00  0.73645E+11 299.9  -1.0 110.0  87.9
  390.00  0.73107E+11 299.9  -1.0 110.0  87.9
  391.00  0.72571E+11 299.9  -1.0 110.0  87.9
  392.00  0.72037E+11 299.9  -1.0 110.0  87.9
  393.00  0.71506E+11 299.9  -1.0 110.0  87.9
  394.00  0.70977E+11 299.9  -1.0 110.0  87.9
  395.00  0.70451E+11 299.9  -1.0 110.0  87.9
  396.00  0.69927E+11 299.9  -1.0 110.0  87.9
  397.00  0.69406E+11 299.9  -1.0 110.0  87.9
  398.00  0.68887E+11 299.9  -1.0 110.0  87.9
  399.00  0.68371E+11 299.9  -1.0 110.0  87.9
  400.00  0.67858E+11 299.9  -1.0 110.0  87.9
  401.00  0.67348E+11 299.9  -1.0 110.0  87.9
  402.00  0.66840E+11 299.9  -1.0 110.0  87.9
  403.00  0.66335E+11 299.9  -1.0 110.0  87.9
  404.00  0.65833E+11 299.9  -1.0 110.0  87.9
  405.00  0.65334E+11 299.9  -1.0 110.0  87.9
  406.00  0.64838E+11 299.9  -1.0 110.0  87.9
  407.00  0.64345E+11 299.9  -1.0 110.0  87.9
  408.00  0.63855E+11 299.9  -1.0 110.0  87.9
  409.00  0.63367E+11 299.9  -1.0 110.0  87.9
  410.00  0.62883E+11 299.9  -1.0 110.0  87.9
  411.00  0.62402E+11 299.9  -1.0 110.0  87.9
  412.00  0.61924E+11 299.9  -1.0 110.0  87.9
  413.00  0.61449E+11 299.9  -1.0 110.0  87.9
  414.00  0.60978E+11 299.9  -1.0 110.0  87.9
  415.00  0.60509E+11 299.9  -1.0 110.0  87.9
  416.00  0.60043E+11 299.9  -1.0 110.0  87.9
  417.00  0.59581E+11 299.9  -1.0 110.0  87.9
  418.00  0.59122E+11 299.9  -1.0 110.0  87.9
  419.00  0.58666E+11 299.9  -1.0 110.0  87.9
  420.00  0.58213E+11 299.9  -1.0 110.0  87.9
  421.00  0.57763E+11 299.9  -1.0 110.0  87.9
  422.00  0.57317E+11 299.9  -1.0 110.0  87.9
  423.00  0.56873E+11 299.9  -1.0 110.0  87.9
  424.00  0.56433E+11 299.9  -1.0 110.0  87.9
  425.00  0.55997E+11 299.9  -1.0 110.0  87.9
  426.00  0.55563E+11 299.9  -1.0 110.0  87.9
  427.00  0.55132E+11 299.9  -1.0 110.0  87.9
  428.00  0.54705E+11 299.9  -1.0 110.0  87.9
  429.00  0.54281E+11 299.9  -1.0 110.0  87.9
  430.00  0.53860E+11 299.9  -1.0 110.0  87.9
  431.00  0.53443E+11 299.9  -1.0 110.0  87.9
  432.00  0.53028E+11 299.9  -1.0 110.0  87.9
  433.00  0.52617E+11 299.9  -1.0 110.0  87.9
  434.00  0.52209E+11 299.9  -1.0 110.0  87.9
  435.00  0.51804E+11 299.9  -1.0 110.0  87.9
  436.00  0.51402E+11 299.9  -1.0 110.0  87.9
  437.00  0.51004E+11 299.9  -1.0 110.0  87.9
  438.00  0.50608E+11 299.9  -1.0 110.0  87.9
  439.00  0.50216E+11 299.9  -1.0 110.0  87.9
  440.00  0.49827E+11 299.9  -1.0 110.0  87.9
  441.00  0.49441E+11 299.9  -1.0 110.0  87.9
  442.00  0.49058E+11 299.9  -1.0 110.0  87.9
  443.00  0.48678E+11 299.9  -1.0 110.0  87.9
  444.00  0.48301E+11 299.9  -1.0 110.0  87.9
  445.00  0.47928E+11 299.9  -1.0 110.0  87.9
  446.00  0.47557E+11 299.9  -1.0 110.0  87.9
  447.00  0.47190E+11 299.9  -1.0 110.0  87.9
  448.00  0.46825E+11 299.9  -1.0 110.0  87.9
  449.00  0.46463E+11 299.9  -1.0 110.0  87.9
  450.00  0.46105E+11 299.9  -1.0 110.0  87.9
  451.00  0.45749E+11 299.9  -1.0 110.0  87.9
  452.00  0.45397E+11 299.9  -1.0 110.0  87.9
  453.00  0.45047E+11 299.9  -1.0 110.0  87.9
  454.00  0.44701E+11 299.9  -1.0 110.0  87.9
  455.00  0.44357E+11 299.9  -1.0 110.0  87.9
  456.00  0.44016E+11 299.9  -1.0 110.0  87.9
  457.00  0.43678E+11 299.9  -1.0 110.0  87.9
  458.00  0.43343E+11 299.9  -1.0 110.0  87.9
  459.00  0.43011E+11 299.9  -1.0 110.0  87.9
  460.00  0.42681E+11 299.9  -1.0 110.0  87.9
  461.00  0.42355E+11 299.9  -1.0 110.0  87.9
  462.00  0.42031E+11 299.9  -1.0 110.0  87.9
  463.00  0.41710E+11 299.9  -1.0 110.0  87.9
  464.00  0.41392E+11 299.9  -1.0 110.0  87.9
  465.00  0.41076E+11 299.9  -1.0 110.0  87.9
  466.00  0.40764E+11 299.9  -1.0 110.0  87.9
  467.00  0.40454E+11 299.9  -1.0 110.0  87.9
  468.00  0.40146E+11 299.9  -1.0 110.0  87.9
  469.00  0.39841E+11 299.9  -1.0 110.0  87.9
  470.00  0.39539E+11 299.9  -1.0 110.0  87.9
  471.00  0.39240E+11 299.9  -1.0 110.0  87.9
  472.00  0.38943E+11 299.9  -1.0 110.0  87.9
  473.00  0.38649E+11 299.9  -1.0 110.0  87.9
  474.00  0.38357E+11 299.9  -1.0 110.0  87.9
  475.00  0.38068E+11 299.9  -1.0 110.0  87.9
  476.00  0.37782E+11 299.9  -1.0 110.0  87.9
  477.00  0.37498E+11 299.9  -1.0 110.0  87.9
  478.00  0.37216E+11 299.9  -1.0 110.0  87.9
  479.00  0.36937E+11 299.9  -1.0 110.0  87.9
  480.00  0.36660E+11 299.9  -1.0 110.0  87.9
  481.00  0.36386E+11 299.9  -1.0 110.0  87.9
  482.00  0.36115E+11 299.9  -1.0 110.0  87.9
  483.00  0.35845E+11 299.9  -1.0 110.0  87.9
  484.00  0.35578E+11 299.9  -1.0 110.0  87.9
  485.00  0.35314E+11 299.9  -1.0 110.0  87.9
  486.00  0.35051E+11 299.9  -1.0 110.0  87.9
  487.00  0.34791E+11 299.9  -1.0 110.0  87.9
  488.00  0.34534E+11 299.9  -1.0 110.0  87.9
  489.00  0.34278E+11 299.9  -1.0 110.0  87.9
  490.00  0.34025E+11 299.9  -1.0 110.0  87.9
  491.00  0.33774E+11 299.9  -1.0 110.0  87.9
  492.00  0.33526E+11 299.9  -1.0 110.0  87.9
  493.00  0.33279E+11 299.9  -1.0 110.0  87.9
  494.00  0.33035E+11 299.9  -1.0 110.0  87.9
  495.00  0.32793E+11 299.9  -1.0 110.0  87.9
  496.00  0.32553E+11 299.9  -1.0 110.0  87.9
  497.00  0.32315E+11 299.9  -1.0 110.0  87.9
  498.00  0.32080E+11 299.9  -1.0 110.0  87.9
  499.00  0.31846E+11 299.9  -1.0 110.0  87.9
  500.00  0.31614E+11 299.9  -1.0 110.0  87.9
  501.00  0.31385E+11 299.9  -1.0 110.0  87.9
  502.00  0.31157E+11 299.9  -1.0 110.0  87.9
  503.00  0.30932E+11 299.9  -1.0 110.0  87.9
  504.00  0.30709E+11 299.9  -1.0 110.0  87.9
  505.00  0.30487E+11 299.9  -1.0 110.0  87.9
  506.00  0.30268E+11 299.9  -1.0 110.0  87.9
  507.00  0.30050E+11 299.9  -1.0 110.0  87.9
  508.00  0.29835E+11 299.9  -1.0 110.0  87.9
  509.00  0.29621E+11 299.9  -1.0 110.0  87.9
  510.00  0.29409E+11 299.9  -1.0 110.0  87.9
  511.00  0.29199E+11 299.9  -1.0 110.0  87.9
  512.00  0.28991E+11 299.9  -1.0 110.0  87.9
  513.00  0.28785E+11 299.9  -1.0 110.0  87.9
  514.00  0.28581E+11 299.9  -1.0 110.0  87.9
  515.00  0.28378E+11 299.9  -1.0 110.0  87.9
  516.00  0.28177E+11 299.9  -1.0 110.0  87.9
  517.00  0.27978E+11 299.9  -1.0 110.0  87.9
  518.00  0.27781E+11 299.9  -1.0 110.0  87.9
  519.00  0.27586E+11 299.9  -1.0 110.0  87.9
  520.00  0.27392E+11 299.9  -1.0 110.0  87.9
  521.00  0.27200E+11 299.9  -1.0 110.0  87.9
  522.00  0.27010E+11 299.9  -1.0 110.0  87.9
  523.00  0.26821E+11 299.9  -1.0 110.0  87.9
  524.00  0.26634E+11 299.9  -1.0 110.0  87.9
  525.00  0.26448E+11 299.9  -1.0 110.0  87.9
  526.00  0.26265E+11 299.9  -1.0 110.0  87.9
  527.00  0.26083E+11 299.9  -1.0 110.0  87.9
  528.00  0.25902E+11 299.9  -1.0 110.0  87.9
  529.00  0.25723E+11 299.9  -1.0 110.0  87.9
  530.00  0.25546E+11 299.9  -1.0 110.0  87.9
  531.00  0.25370E+11 299.9  -1.0 110.0  87.9
  532.00  0.25196E+11 299.9  -1.0 110.0  87.9
  533.00  0.25023E+11 299.9  -1.0 110.0  87.9
  534.00  0.24852E+11 299.9  -1.0 110.0  87.9
  535.00  0.24682E+11 299.9  -1.0 110.0  87.9
  536.00  0.24514E+11 299.9  -1.0 110.0  87.9
  537.00  0.24347E+11 299.9  -1.0 110.0  87.9
  538.00  0.24182E+11 299.9  -1.0 110.0  87.9
  539.00  0.24018E+11 299.9  -1.0 110.0  87.9
  540.00  0.23855E+11 299.9  -1.0 110.0  87.9
  541.00  0.23694E+11 299.9  -1.0 110.0  87.9
  542.00  0.23535E+11 299.9  -1.0 110.0  87.9
  543.00  0.23376E+11 299.9  -1.0 110.0  87.9
  544.00  0.23220E+11 299.9  -1.0 110.0  87.9
  545.00  0.23064E+11 299.9  -1.0 110.0  87.9
  546.00  0.22910E+11 299.9  -1.0 110.0  87.9
  547.00  0.22757E+11 299.9  -1.0 110.0  87.9
  548.00  0.22605E+11 299.9  -1.0 110.0  87.9
  549.00  0.22455E+11 299.9  -1.0 110.0  87.9
  550.00  0.22306E+11 299.9  -1.0 110.0  87.9
  551.00  0.22159E+11 299.9  -1.0 110.0  87.9
  552.00  0.22012E+11 299.9  -1.0 110.0  87.9
  553.00  0.21867E+11 299.9  -1.0 110.0  87.9
  554.00  0.21723E+11 299.9  -1.0 110.0  87.9
  555.00  0.21581E+11 299.9  -1.0 110.0  87.9
  556.00  0.21439E+11 299.9  -1.0 110.0  87.9
  557.00  0.21299E+11 299.9  -1.0 110.0  87.9
  558.00  0.21160E+11 299.9  -1.0 110.0  87.9
  559.00  0.21022E+11 299.9  -1.0 110.0  87.9
