   60.00 -0.10000E+01   -1.0
   62.00 -0.10000E+01   -1.0
   64.00 -0.10000E+01   -1.0
   66.00 -0.10000E+01   -1.0
   68.00 -0.10000E+01   -1.0
   70.00 -0.10000E+01   -1.0
   72.00 -0.10000E+01   -1.0
   74.00 -0.10000E+01   -1.0
   76.00 -0.10000E+01   -1.0
   78.00 -0.10000E+01   -1.0
   80.00  0.39298E+07   -1.0
   82.00  0.53772E+08   -1.0
   84.00  0.20742E+09   -1.0
   86.00  0.35126E+09   -1.0
   88.00  0.40664E+09   -1.0
   90.00  0.49824E+09   -1.0
   92.00  0.98601E+09   -1.0
   94.00  0.17555E+10   -1.0
   96.00  0.24329E+10   -1.0
   98.00  0.29263E+10   -1.0
  100.00  0.32183E+10   -1.0
  102.00  0.33595E+10   -1.0
  104.00  0.34136E+10   -1.0
  106.00  0.34284E+10   -1.0
  108.00  0.34306E+10   -1.0
  110.00  0.34306E+10   -1.0
  112.00  0.33112E+10   -1.0
  114.00  0.30169E+10   -1.0
  116.00  0.26410E+10   -1.0
  118.00  0.22557E+10   -1.0
  120.00  0.19042E+10  368.0
  122.00  0.16060E+10  403.2
  124.00  0.13651E+10  436.4
  126.00  0.11775E+10  467.8
  128.00  0.10362E+10  497.5
  130.00  0.93358E+09  525.6
  132.00  0.86309E+09  552.1
  134.00  0.81956E+09  577.2
  136.00  0.79927E+09  600.9
  138.00  0.79971E+09  623.3
  140.00  0.81942E+09  644.5
  142.00  0.85773E+09  664.5
  144.00  0.91451E+09  683.5
  146.00  0.98993E+09  701.4
  148.00  0.10842E+10  718.3
  150.00  0.11974E+10  734.3
  152.00  0.13290E+10  749.5
  154.00  0.14781E+10  763.8
  156.00  0.16429E+10  777.3
  158.00  0.18217E+10  790.1
  160.00  0.20124E+10  802.3
  162.00  0.22145E+10  813.7
  164.00  0.24291E+10  824.6
  166.00  0.26615E+10  834.8
  168.00  0.29227E+10  844.5
  170.00  0.32326E+10  853.7
  172.00  0.34898E+10  862.3
  174.00  0.36227E+10  870.6
  176.00  0.37620E+10  878.3
  178.00  0.39080E+10  885.7
  180.00  0.40611E+10  892.6
  182.00  0.42219E+10  899.2
  184.00  0.43907E+10  905.4
  186.00  0.45682E+10  911.3
  188.00  0.47549E+10  916.9
  190.00  0.49516E+10  922.1
  192.00  0.51588E+10  927.1
  194.00  0.53775E+10  931.8
  196.00  0.56084E+10  936.3
  198.00  0.58525E+10  940.5
  200.00  0.61108E+10  944.5
  202.00  0.63846E+10  948.3
  204.00  0.66752E+10  951.9
  206.00  0.69839E+10  955.3
  208.00  0.73126E+10  958.5
  210.00  0.76629E+10  961.5
  212.00  0.80371E+10  964.4
  214.00  0.84376E+10  967.1
  216.00  0.88672E+10  969.7
  218.00  0.93291E+10  972.2
  220.00  0.98271E+10  974.5
  222.00  0.10366E+11  976.7
  224.00  0.10950E+11  978.7
  226.00  0.11587E+11  980.7
  228.00  0.12283E+11  982.5
  230.00  0.13049E+11  984.3
  232.00  0.13897E+11  986.0
  234.00  0.14843E+11  987.5
  236.00  0.15906E+11  989.0
  238.00  0.17115E+11  990.4
  240.00  0.18511E+11  991.8
  242.00  0.20155E+11  993.1
  244.00  0.22145E+11  994.3
  246.00  0.24665E+11  995.4
  248.00  0.27802E+11  996.5
  250.00  0.31273E+11  997.5
  252.00  0.35092E+11  998.5
  254.00  0.39283E+11  999.4
  256.00  0.43870E+11 1000.2
  258.00  0.48877E+11 1001.1
  260.00  0.54327E+11 1001.8
  262.00  0.60243E+11 1002.6
  264.00  0.66649E+11 1003.3
  266.00  0.73565E+11 1003.9
  268.00  0.81014E+11 1004.6
  270.00  0.89013E+11 1005.2
  272.00  0.97582E+11 1005.7
  274.00  0.10674E+12 1006.3
  276.00  0.11649E+12 1006.8
  278.00  0.12685E+12 1007.2
  280.00  0.13783E+12 1007.7
  282.00  0.14943E+12 1008.1
  284.00  0.16166E+12 1008.5
  286.00  0.17452E+12 1008.9
  288.00  0.18799E+12 1009.3
  290.00  0.20208E+12 1009.6
  292.00  0.21676E+12 1010.0
  294.00  0.23203E+12 1010.3
  296.00  0.24786E+12 1010.6
  298.00  0.26422E+12 1010.8
  300.00  0.28109E+12 1011.1
  302.00  0.29844E+12 1011.4
  304.00  0.31622E+12 1011.6
  306.00  0.33439E+12 1011.8
  308.00  0.35292E+12 1012.0
  310.00  0.37174E+12 1012.2
  312.00  0.39081E+12 1012.4
  314.00  0.41006E+12 1012.6
  316.00  0.42946E+12 1012.8
  318.00  0.44892E+12 1013.0
  320.00  0.46839E+12 1013.1
  322.00  0.48781E+12 1013.3
  324.00  0.50711E+12 1013.4
  326.00  0.52622E+12 1013.5
  328.00  0.54508E+12 1013.7
  330.00  0.56362E+12 1013.8
  332.00  0.58178E+12 1013.9
  334.00  0.59950E+12 1014.0
  336.00  0.61671E+12 1014.1
  338.00  0.63336E+12 1014.2
  340.00  0.64939E+12 1014.3
  342.00  0.66475E+12 1014.4
  344.00  0.67939E+12 1014.5
  346.00  0.69328E+12 1014.5
  348.00  0.70636E+12 1014.6
  350.00  0.71861E+12 1014.7
  352.00  0.73000E+12 1014.8
  354.00  0.74050E+12 1014.8
  356.00  0.75010E+12 1014.9
  358.00  0.75879E+12 1014.9
  360.00  0.76657E+12 1015.0
  362.00  0.77343E+12 1015.0
  364.00  0.77938E+12 1015.1
  366.00  0.78445E+12 1015.1
  368.00  0.78864E+12 1015.2
  370.00  0.79200E+12 1015.2
  372.00  0.79456E+12 1015.3
  374.00  0.79636E+12 1015.3
  376.00  0.79747E+12 1015.3
  378.00  0.79795E+12 1015.4
  380.00  0.79793E+12 1015.4
  382.00  0.79748E+12 1015.4
  384.00  0.79661E+12 1015.5
  386.00  0.79533E+12 1015.5
  388.00  0.79366E+12 1015.5
  390.00  0.79162E+12 1015.5
  392.00  0.78920E+12 1015.6
  394.00  0.78643E+12 1015.6
  396.00  0.78332E+12 1015.6
  398.00  0.77989E+12 1015.6
  400.00  0.77614E+12 1015.6
  402.00  0.77210E+12 1015.7
  404.00  0.76778E+12 1015.7
  406.00  0.76318E+12 1015.7
  408.00  0.75834E+12 1015.7
  410.00  0.75325E+12 1015.7
  412.00  0.74794E+12 1015.7
  414.00  0.74241E+12 1015.8
  416.00  0.73669E+12 1015.8
  418.00  0.73078E+12 1015.8
  420.00  0.72469E+12 1015.8
  422.00  0.71845E+12 1015.8
  424.00  0.71206E+12 1015.8
  426.00  0.70553E+12 1015.8
  428.00  0.69888E+12 1015.8
  430.00  0.69212E+12 1015.8
  432.00  0.68526E+12 1015.8
  434.00  0.67830E+12 1015.9
  436.00  0.67127E+12 1015.9
  438.00  0.66416E+12 1015.9
  440.00  0.65699E+12 1015.9
  442.00  0.64977E+12 1015.9
  444.00  0.64251E+12 1015.9
  446.00  0.63521E+12 1015.9
  448.00  0.62788E+12 1015.9
  450.00  0.62054E+12 1015.9
  452.00  0.61318E+12 1015.9
  454.00  0.60582E+12 1015.9
  456.00  0.59845E+12 1015.9
  458.00  0.59110E+12 1015.9
  460.00  0.58375E+12 1015.9
  462.00  0.57643E+12 1015.9
  464.00  0.56912E+12 1015.9
  466.00  0.56185E+12 1015.9
  468.00  0.55461E+12 1015.9
  470.00  0.54740E+12 1015.9
  472.00  0.54024E+12 1015.9
  474.00  0.53312E+12 1015.9
  476.00  0.52605E+12 1016.0
  478.00  0.51903E+12 1016.0
  480.00  0.51207E+12 1016.0
  482.00  0.50516E+12 1016.0
  484.00  0.49831E+12 1016.0
  486.00  0.49152E+12 1016.0
  488.00  0.48480E+12 1016.0
  490.00  0.47814E+12 1016.0
  492.00  0.47155E+12 1016.0
  494.00  0.46503E+12 1016.0
  496.00  0.45858E+12 1016.0
  498.00  0.45220E+12 1016.0
  500.00  0.44589E+12 1016.0
  502.00  0.43966E+12 1016.0
  504.00  0.43350E+12 1016.0
  506.00  0.42741E+12 1016.0
  508.00  0.42140E+12 1016.0
  510.00  0.41547E+12 1016.0
  512.00  0.40961E+12 1016.0
  514.00  0.40383E+12 1016.0
  516.00  0.39813E+12 1016.0
  518.00  0.39250E+12 1016.0
  520.00  0.38695E+12 1016.0
  522.00  0.38147E+12 1016.0
  524.00  0.37607E+12 1016.0
  526.00  0.37075E+12 1016.0
  528.00  0.36551E+12 1016.0
  530.00  0.36034E+12 1016.0
  532.00  0.35524E+12 1016.0
  534.00  0.35022E+12 1016.0
  536.00  0.34527E+12 1016.0
  538.00  0.34040E+12 1016.0
  540.00  0.33560E+12 1016.0
  542.00  0.33087E+12 1016.0
  544.00  0.32621E+12 1016.0
  546.00  0.32163E+12 1016.0
  548.00  0.31711E+12 1016.0
  550.00  0.31266E+12 1016.0
  552.00  0.30829E+12 1016.0
  554.00  0.30398E+12 1016.0
  556.00  0.29974E+12 1016.0
  558.00  0.29556E+12 1016.0
  560.00  0.29145E+12 1016.0
  562.00  0.28741E+12 1016.0
  564.00  0.28342E+12 1016.0
  566.00  0.27951E+12 1016.0
  568.00  0.27565E+12 1016.0
  570.00  0.27186E+12 1016.0
  572.00  0.26813E+12 1016.0
  574.00  0.26445E+12 1016.0
  576.00  0.26084E+12 1016.0
  578.00  0.25728E+12 1016.0
  580.00  0.25378E+12 1016.0
  582.00  0.25034E+12 1016.0
  584.00  0.24695E+12 1016.0
  586.00  0.24362E+12 1016.0
  588.00  0.24034E+12 1016.0
  590.00  0.23712E+12 1016.0
  592.00  0.23394E+12 1016.0
  594.00  0.23082E+12 1016.0
  596.00  0.22775E+12 1016.0
  598.00  0.22473E+12 1016.0
  600.00  0.22175E+12 1016.0
  602.00  0.21883E+12 1016.0
  604.00  0.21595E+12 1016.0
  606.00  0.21312E+12 1016.0
  608.00  0.21034E+12 1016.0
  610.00  0.20760E+12 1016.0
  612.00  0.20490E+12 1016.0
  614.00  0.20225E+12 1016.0
  616.00  0.19964E+12 1016.0
  618.00  0.19707E+12 1016.0
  620.00  0.19455E+12 1016.0
  622.00  0.19206E+12 1016.0
  624.00  0.18962E+12 1016.0
  626.00  0.18721E+12 1016.0
  628.00  0.18484E+12 1016.0
  630.00  0.18251E+12 1016.0
  632.00  0.18022E+12 1016.0
  634.00  0.17797E+12 1016.0
  636.00  0.17575E+12 1016.0
  638.00  0.17356E+12 1016.0
  640.00  0.17141E+12 1016.0
  642.00  0.16930E+12 1016.0
  644.00  0.16722E+12 1016.0
  646.00  0.16517E+12 1016.0
  648.00  0.16315E+12 1016.0
  650.00  0.16117E+12 1016.0
  652.00  0.15921E+12 1016.0
  654.00  0.15729E+12 1016.0
  656.00  0.15540E+12 1016.0
  658.00  0.15354E+12 1016.0
  660.00  0.15170E+12 1016.0
  662.00  0.14990E+12 1016.0
  664.00  0.14812E+12 1016.0
  666.00  0.14637E+12 1016.0
  668.00  0.14465E+12 1016.0
  670.00  0.14295E+12 1016.0
  672.00  0.14128E+12 1016.0
  674.00  0.13964E+12 1016.0
  676.00  0.13802E+12 1016.0
  678.00  0.13643E+12 1016.0
  680.00  0.13486E+12 1016.0
  682.00  0.13331E+12 1016.0
  684.00  0.13179E+12 1016.0
  686.00  0.13029E+12 1016.0
  688.00  0.12882E+12 1016.0
  690.00  0.12736E+12 1016.0
  692.00  0.12593E+12 1016.0
  694.00  0.12452E+12 1016.0
  696.00  0.12313E+12 1016.0
  698.00  0.12176E+12 1016.0
  700.00  0.12041E+12 1016.0
  702.00  0.11908E+12 1016.0
  704.00  0.11778E+12 1016.0
  706.00  0.11649E+12 1016.0
  708.00  0.11522E+12 1016.0
  710.00  0.11397E+12 1016.0
  712.00  0.11273E+12 1016.0
  714.00  0.11152E+12 1016.0
  716.00  0.11032E+12 1016.0
  718.00  0.10914E+12 1016.0
  720.00  0.10798E+12 1016.0
  722.00  0.10683E+12 1016.0
  724.00  0.10570E+12 1016.0
  726.00  0.10459E+12 1016.0
  728.00  0.10349E+12 1016.0
  730.00  0.10241E+12 1016.0
  732.00  0.10135E+12 1016.0
  734.00  0.10030E+12 1016.0
  736.00  0.99260E+11 1016.0
  738.00  0.98239E+11 1016.0
  740.00  0.97232E+11 1016.0
  742.00  0.96240E+11 1016.0
  744.00  0.95261E+11 1016.0
  746.00  0.94296E+11 1016.0
  748.00  0.93345E+11 1016.0
  750.00  0.92407E+11 1016.0
  752.00  0.91482E+11 1016.0
  754.00  0.90569E+11 1016.0
  756.00  0.89670E+11 1016.0
  758.00  0.88782E+11 1016.0
  760.00  0.87907E+11 1016.0
  762.00  0.87044E+11 1016.0
  764.00  0.86193E+11 1016.0
  766.00  0.85353E+11 1016.0
  768.00  0.84524E+11 1016.0
  770.00  0.83707E+11 1016.0
  772.00  0.82901E+11 1016.0
  774.00  0.82106E+11 1016.0
  776.00  0.81321E+11 1016.0
  778.00  0.80547E+11 1016.0
  780.00  0.79783E+11 1016.0
  782.00  0.79029E+11 1016.0
  784.00  0.78285E+11 1016.0
  786.00  0.77551E+11 1016.0
  788.00  0.76827E+11 1016.0
  790.00  0.76112E+11 1016.0
  792.00  0.75407E+11 1016.0
  794.00  0.74711E+11 1016.0
  796.00  0.74023E+11 1016.0
  798.00  0.73345E+11 1016.0
  800.00  0.72676E+11 1016.0
  802.00  0.72015E+11 1016.0
  804.00  0.71363E+11 1016.0
  806.00  0.70719E+11 1016.0
  808.00  0.70083E+11 1016.0
  810.00  0.69455E+11 1016.0
  812.00  0.68836E+11 1016.0
  814.00  0.68224E+11 1016.0
  816.00  0.67620E+11 1016.0
  818.00  0.67023E+11 1016.0
  820.00  0.66435E+11 1016.0
  822.00  0.65853E+11 1016.0
  824.00  0.65279E+11 1016.0
  826.00  0.64711E+11 1016.0
  828.00  0.64151E+11 1016.0
  830.00  0.63598E+11 1016.0
  832.00  0.63052E+11 1016.0
  834.00  0.62512E+11 1016.0
  836.00  0.61979E+11 1016.0
  838.00  0.61452E+11 1016.0
  840.00  0.60932E+11 1016.0
  842.00  0.60419E+11 1016.0
  844.00  0.59911E+11 1016.0
  846.00  0.59410E+11 1016.0
  848.00  0.58914E+11 1016.0
  850.00  0.58425E+11 1016.0
  852.00  0.57941E+11 1016.0
  854.00  0.57463E+11 1016.0
  856.00  0.56991E+11 1016.0
  858.00  0.56525E+11 1016.0
  860.00  0.56064E+11 1016.0
  862.00  0.55608E+11 1016.0
  864.00  0.55158E+11 1016.0
  866.00  0.54713E+11 1016.0
  868.00  0.54273E+11 1016.0
  870.00  0.53839E+11 1016.0
  872.00  0.53409E+11 1016.0
  874.00  0.52985E+11 1016.0
  876.00  0.52565E+11 1016.0
  878.00  0.52150E+11 1016.0
  880.00  0.51740E+11 1016.0
  882.00  0.51335E+11 1016.0
  884.00  0.50934E+11 1016.0
  886.00  0.50538E+11 1016.0
  888.00  0.50146E+11 1016.0
  890.00  0.49759E+11 1016.0
  892.00  0.49376E+11 1016.0
  894.00  0.48997E+11 1016.0
  896.00  0.48623E+11 1016.0
  898.00  0.48253E+11 1016.0
  900.00  0.47887E+11 1016.0
  902.00  0.47525E+11 1016.0
  904.00  0.47167E+11 1016.0
  906.00  0.46813E+11 1016.0
  908.00  0.46463E+11 1016.0
  910.00  0.46117E+11 1016.0
  912.00  0.45775E+11 1016.0
  914.00  0.45436E+11 1016.0
  916.00  0.45101E+11 1016.0
  918.00  0.44770E+11 1016.0
  920.00  0.44442E+11 1016.0
  922.00  0.44118E+11 1016.0
  924.00  0.43797E+11 1016.0
  926.00  0.43480E+11 1016.0
  928.00  0.43166E+11 1016.0
  930.00  0.42856E+11 1016.0
  932.00  0.42548E+11 1016.0
  934.00  0.42245E+11 1016.0
  936.00  0.41944E+11 1016.0
  938.00  0.41646E+11 1016.0
  940.00  0.41352E+11 1016.0
  942.00  0.41061E+11 1016.0
  944.00  0.40772E+11 1016.0
  946.00  0.40487E+11 1016.0
  948.00  0.40205E+11 1016.0
  950.00  0.39926E+11 1016.0
  952.00  0.39649E+11 1016.0
  954.00  0.39376E+11 1016.0
  956.00  0.39105E+11 1016.0
  958.00  0.38837E+11 1016.0
  960.00  0.38572E+11 1016.0
  962.00  0.38309E+11 1016.0
  964.00  0.38049E+11 1016.0
  966.00  0.37792E+11 1016.0
  968.00  0.37537E+11 1016.0
  970.00  0.37285E+11 1016.0
  972.00  0.37036E+11 1016.0
  974.00  0.36789E+11 1016.0
  976.00  0.36544E+11 1016.0
  978.00  0.36302E+11 1016.0
  980.00  0.36062E+11 1016.0
  982.00  0.35825E+11 1016.0
  984.00  0.35590E+11 1016.0
  986.00  0.35358E+11 1016.0
  988.00  0.35127E+11 1016.0
  990.00  0.34899E+11 1016.0
  992.00  0.34673E+11 1016.0
  994.00  0.34450E+11 1016.0
  996.00  0.34228E+11 1016.0
  998.00  0.34009E+11 1016.0
 1000.00  0.33792E+11 1016.0
