   60.00 -0.10000E+01   -1.0
   62.00 -0.10000E+01   -1.0
   64.00 -0.10000E+01   -1.0
   66.00  0.27088E+09   -1.0
   68.00  0.40933E+09   -1.0
   70.00  0.57210E+09   -1.0
   72.00  0.74752E+09   -1.0
   74.00  0.92298E+09   -1.0
   76.00  0.10885E+10   -1.0
   78.00  0.12394E+10   -1.0
   80.00  0.13771E+10   -1.0
   82.00  0.15213E+10   -1.0
   84.00  0.20500E+10   -1.0
   86.00  0.48765E+10   -1.0
   88.00  0.12876E+11   -1.0
   90.00  0.27662E+11   -1.0
   92.00  0.49802E+11   -1.0
   94.00  0.77264E+11   -1.0
   96.00  0.10601E+12   -1.0
   98.00  0.13174E+12   -1.0
  100.00  0.15159E+12   -1.0
  102.00  0.16472E+12   -1.0
  104.00  0.17198E+12   -1.0
  106.00  0.17512E+12   -1.0
  108.00  0.17599E+12   -1.0
  110.00  0.17606E+12   -1.0
  112.00  0.17483E+12   -1.0
  114.00  0.17235E+12   -1.0
  116.00  0.16999E+12   -1.0
  118.00  0.16861E+12   -1.0
  120.00  0.16864E+12  379.5
  122.00  0.17024E+12  414.9
  124.00  0.17340E+12  448.8
  126.00  0.17679E+12  481.3
  128.00  0.17868E+12  512.5
  130.00  0.18061E+12  542.4
  132.00  0.18258E+12  571.0
  134.00  0.18458E+12  598.5
  136.00  0.18662E+12  624.8
  138.00  0.18871E+12  650.1
  140.00  0.19084E+12  674.2
  142.00  0.19301E+12  697.4
  144.00  0.19523E+12  719.7
  146.00  0.19750E+12  741.0
  148.00  0.19983E+12  761.4
  150.00  0.20220E+12  781.0
  152.00  0.20464E+12  799.8
  154.00  0.20714E+12  817.9
  156.00  0.20971E+12  835.1
  158.00  0.21234E+12  851.7
  160.00  0.21505E+12  867.6
  162.00  0.21784E+12  882.8
  164.00  0.22071E+12  897.4
  166.00  0.22368E+12  911.5
  168.00  0.22674E+12  924.9
  170.00  0.22992E+12  937.8
  172.00  0.23321E+12  950.2
  174.00  0.23664E+12  962.0
  176.00  0.24021E+12  973.4
  178.00  0.24395E+12  984.3
  180.00  0.24787E+12  994.8
  182.00  0.25201E+12 1004.8
  184.00  0.25640E+12 1014.4
  186.00  0.26109E+12 1023.6
  188.00  0.26614E+12 1032.5
  190.00  0.27166E+12 1041.0
  192.00  0.27780E+12 1049.2
  194.00  0.28484E+12 1057.0
  196.00  0.29311E+12 1064.5
  198.00  0.30154E+12 1071.7
  200.00  0.30982E+12 1078.6
  202.00  0.31792E+12 1085.2
  204.00  0.32580E+12 1091.6
  206.00  0.33342E+12 1097.7
  208.00  0.34073E+12 1103.5
  210.00  0.34767E+12 1109.1
  212.00  0.35418E+12 1114.5
  214.00  0.36018E+12 1119.7
  216.00  0.36557E+12 1124.7
  218.00  0.37020E+12 1129.4
  220.00  0.37381E+12 1134.0
  222.00  0.37861E+12 1138.4
  224.00  0.39758E+12 1142.6
  226.00  0.41719E+12 1146.6
  228.00  0.43745E+12 1150.5
  230.00  0.45834E+12 1154.2
  232.00  0.47988E+12 1157.8
  234.00  0.50204E+12 1161.2
  236.00  0.52483E+12 1164.5
  238.00  0.54823E+12 1167.7
  240.00  0.57224E+12 1170.7
  242.00  0.59682E+12 1173.6
  244.00  0.62198E+12 1176.4
  246.00  0.64768E+12 1179.1
  248.00  0.67391E+12 1181.7
  250.00  0.70063E+12 1184.1
  252.00  0.72783E+12 1186.5
  254.00  0.75546E+12 1188.8
  256.00  0.78350E+12 1191.0
  258.00  0.81190E+12 1193.1
  260.00  0.84063E+12 1195.1
  262.00  0.86964E+12 1197.0
  264.00  0.89890E+12 1198.9
  266.00  0.92833E+12 1200.7
  268.00  0.95791E+12 1202.4
  270.00  0.98757E+12 1204.0
  272.00  0.10173E+13 1205.6
  274.00  0.10469E+13 1207.1
  276.00  0.10765E+13 1208.6
  278.00  0.11059E+13 1210.0
  280.00  0.11350E+13 1211.3
  282.00  0.11639E+13 1212.6
  284.00  0.11925E+13 1213.9
  286.00  0.12206E+13 1215.1
  288.00  0.12482E+13 1216.2
  290.00  0.12752E+13 1217.3
  292.00  0.13015E+13 1218.4
  294.00  0.13272E+13 1219.4
  296.00  0.13521E+13 1220.4
  298.00  0.13760E+13 1221.3
  300.00  0.13991E+13 1222.2
  302.00  0.14211E+13 1223.0
  304.00  0.14421E+13 1223.9
  306.00  0.14619E+13 1224.7
  308.00  0.14805E+13 1225.4
  310.00  0.14978E+13 1226.2
  312.00  0.15138E+13 1226.9
  314.00  0.15283E+13 1227.6
  316.00  0.15414E+13 1228.2
  318.00  0.15529E+13 1228.8
  320.00  0.15629E+13 1229.4
  322.00  0.15712E+13 1230.0
  324.00  0.15779E+13 1230.6
  326.00  0.15827E+13 1231.1
  328.00  0.15858E+13 1231.6
  330.00  0.15869E+13 1232.1
  332.00  0.15865E+13 1232.6
  334.00  0.15853E+13 1233.0
  336.00  0.15833E+13 1233.5
  338.00  0.15805E+13 1233.9
  340.00  0.15769E+13 1234.3
  342.00  0.15726E+13 1234.7
  344.00  0.15675E+13 1235.1
  346.00  0.15618E+13 1235.4
  348.00  0.15555E+13 1235.8
  350.00  0.15485E+13 1236.1
  352.00  0.15409E+13 1236.4
  354.00  0.15328E+13 1236.7
  356.00  0.15241E+13 1237.0
  358.00  0.15149E+13 1237.3
  360.00  0.15052E+13 1237.6
  362.00  0.14950E+13 1237.8
  364.00  0.14844E+13 1238.1
  366.00  0.14734E+13 1238.3
  368.00  0.14620E+13 1238.6
  370.00  0.14503E+13 1238.8
  372.00  0.14382E+13 1239.0
  374.00  0.14258E+13 1239.2
  376.00  0.14131E+13 1239.4
  378.00  0.14002E+13 1239.6
  380.00  0.13871E+13 1239.8
  382.00  0.13737E+13 1240.0
  384.00  0.13601E+13 1240.1
  386.00  0.13464E+13 1240.3
  388.00  0.13325E+13 1240.4
  390.00  0.13184E+13 1240.6
  392.00  0.13043E+13 1240.7
  394.00  0.12900E+13 1240.9
  396.00  0.12757E+13 1241.0
  398.00  0.12613E+13 1241.1
  400.00  0.12468E+13 1241.3
  402.00  0.12323E+13 1241.4
  404.00  0.12178E+13 1241.5
  406.00  0.12033E+13 1241.6
  408.00  0.11888E+13 1241.7
  410.00  0.11743E+13 1241.8
  412.00  0.11598E+13 1241.9
  414.00  0.11454E+13 1242.0
  416.00  0.11310E+13 1242.1
  418.00  0.11166E+13 1242.2
  420.00  0.11023E+13 1242.3
  422.00  0.10881E+13 1242.4
  424.00  0.10740E+13 1242.4
  426.00  0.10600E+13 1242.5
  428.00  0.10460E+13 1242.6
  430.00  0.10322E+13 1242.7
  432.00  0.10185E+13 1242.7
  434.00  0.10048E+13 1242.8
  436.00  0.99134E+12 1242.8
  438.00  0.97795E+12 1242.9
  440.00  0.96468E+12 1243.0
  442.00  0.95155E+12 1243.0
  444.00  0.93855E+12 1243.1
  446.00  0.92568E+12 1243.1
  448.00  0.91294E+12 1243.2
  450.00  0.90035E+12 1243.2
  452.00  0.88790E+12 1243.3
  454.00  0.87559E+12 1243.3
  456.00  0.86343E+12 1243.3
  458.00  0.85142E+12 1243.4
  460.00  0.83955E+12 1243.4
  462.00  0.82783E+12 1243.5
  464.00  0.81626E+12 1243.5
  466.00  0.80483E+12 1243.5
  468.00  0.79356E+12 1243.6
  470.00  0.78244E+12 1243.6
  472.00  0.77147E+12 1243.6
  474.00  0.76065E+12 1243.7
  476.00  0.74997E+12 1243.7
  478.00  0.73945E+12 1243.7
  480.00  0.72907E+12 1243.7
  482.00  0.71884E+12 1243.8
  484.00  0.70876E+12 1243.8
  486.00  0.69882E+12 1243.8
  488.00  0.68903E+12 1243.8
  490.00  0.67939E+12 1243.9
  492.00  0.66988E+12 1243.9
  494.00  0.66052E+12 1243.9
  496.00  0.65130E+12 1243.9
  498.00  0.64222E+12 1243.9
  500.00  0.63327E+12 1244.0
  502.00  0.62446E+12 1244.0
  504.00  0.61579E+12 1244.0
  506.00  0.60725E+12 1244.0
  508.00  0.59884E+12 1244.0
  510.00  0.59057E+12 1244.0
  512.00  0.58242E+12 1244.1
  514.00  0.57440E+12 1244.1
  516.00  0.56650E+12 1244.1
  518.00  0.55873E+12 1244.1
  520.00  0.55108E+12 1244.1
  522.00  0.54356E+12 1244.1
  524.00  0.53615E+12 1244.1
  526.00  0.52886E+12 1244.1
  528.00  0.52168E+12 1244.2
  530.00  0.51462E+12 1244.2
  532.00  0.50767E+12 1244.2
  534.00  0.50084E+12 1244.2
  536.00  0.49411E+12 1244.2
  538.00  0.48749E+12 1244.2
  540.00  0.48098E+12 1244.2
  542.00  0.47457E+12 1244.2
  544.00  0.46826E+12 1244.2
  546.00  0.46205E+12 1244.2
  548.00  0.45595E+12 1244.2
  550.00  0.44994E+12 1244.3
  552.00  0.44403E+12 1244.3
  554.00  0.43821E+12 1244.3
  556.00  0.43249E+12 1244.3
  558.00  0.42686E+12 1244.3
  560.00  0.42132E+12 1244.3
  562.00  0.41587E+12 1244.3
  564.00  0.41050E+12 1244.3
  566.00  0.40523E+12 1244.3
  568.00  0.40003E+12 1244.3
  570.00  0.39492E+12 1244.3
  572.00  0.38989E+12 1244.3
  574.00  0.38494E+12 1244.3
  576.00  0.38007E+12 1244.3
  578.00  0.37528E+12 1244.3
  580.00  0.37057E+12 1244.3
  582.00  0.36592E+12 1244.3
  584.00  0.36136E+12 1244.3
  586.00  0.35686E+12 1244.3
  588.00  0.35244E+12 1244.3
  590.00  0.34809E+12 1244.3
  592.00  0.34380E+12 1244.4
  594.00  0.33958E+12 1244.4
  596.00  0.33543E+12 1244.4
  598.00  0.33135E+12 1244.4
  600.00  0.32733E+12 1244.4
  602.00  0.32337E+12 1244.4
  604.00  0.31947E+12 1244.4
  606.00  0.31564E+12 1244.4
  608.00  0.31186E+12 1244.4
  610.00  0.30814E+12 1244.4
  612.00  0.30448E+12 1244.4
  614.00  0.30088E+12 1244.4
  616.00  0.29733E+12 1244.4
  618.00  0.29384E+12 1244.4
  620.00  0.29040E+12 1244.4
  622.00  0.28701E+12 1244.4
  624.00  0.28368E+12 1244.4
  626.00  0.28040E+12 1244.4
  628.00  0.27716E+12 1244.4
  630.00  0.27398E+12 1244.4
  632.00  0.27085E+12 1244.4
  634.00  0.26776E+12 1244.4
  636.00  0.26472E+12 1244.4
  638.00  0.26172E+12 1244.4
  640.00  0.25877E+12 1244.4
  642.00  0.25586E+12 1244.4
  644.00  0.25300E+12 1244.4
  646.00  0.25018E+12 1244.4
  648.00  0.24740E+12 1244.4
  650.00  0.24467E+12 1244.4
  652.00  0.24197E+12 1244.4
  654.00  0.23931E+12 1244.4
  656.00  0.23670E+12 1244.4
  658.00  0.23412E+12 1244.4
  660.00  0.23158E+12 1244.4
  662.00  0.22908E+12 1244.4
  664.00  0.22661E+12 1244.4
  666.00  0.22418E+12 1244.4
  668.00  0.22178E+12 1244.4
  670.00  0.21942E+12 1244.4
  672.00  0.21709E+12 1244.4
  674.00  0.21480E+12 1244.4
  676.00  0.21254E+12 1244.4
  678.00  0.21031E+12 1244.4
  680.00  0.20811E+12 1244.4
  682.00  0.20595E+12 1244.4
  684.00  0.20382E+12 1244.4
  686.00  0.20171E+12 1244.4
  688.00  0.19964E+12 1244.4
  690.00  0.19759E+12 1244.4
  692.00  0.19558E+12 1244.4
  694.00  0.19359E+12 1244.4
  696.00  0.19163E+12 1244.4
  698.00  0.18969E+12 1244.4
  700.00  0.18779E+12 1244.4
  702.00  0.18591E+12 1244.4
  704.00  0.18405E+12 1244.4
  706.00  0.18223E+12 1244.4
  708.00  0.18042E+12 1244.4
  710.00  0.17864E+12 1244.4
  712.00  0.17689E+12 1244.4
  714.00  0.17516E+12 1244.4
  716.00  0.17345E+12 1244.4
  718.00  0.17177E+12 1244.4
  720.00  0.17011E+12 1244.4
  722.00  0.16847E+12 1244.4
  724.00  0.16685E+12 1244.4
  726.00  0.16526E+12 1244.4
  728.00  0.16368E+12 1244.4
  730.00  0.16213E+12 1244.4
  732.00  0.16060E+12 1244.4
  734.00  0.15909E+12 1244.4
  736.00  0.15760E+12 1244.4
  738.00  0.15612E+12 1244.4
  740.00  0.15467E+12 1244.4
  742.00  0.15324E+12 1244.4
  744.00  0.15182E+12 1244.4
  746.00  0.15042E+12 1244.4
  748.00  0.14904E+12 1244.4
  750.00  0.14768E+12 1244.4
  752.00  0.14634E+12 1244.4
  754.00  0.14501E+12 1244.4
  756.00  0.14370E+12 1244.4
  758.00  0.14241E+12 1244.4
  760.00  0.14114E+12 1244.4
  762.00  0.13988E+12 1244.4
  764.00  0.13863E+12 1244.4
  766.00  0.13740E+12 1244.4
  768.00  0.13619E+12 1244.4
  770.00  0.13499E+12 1244.4
  772.00  0.13381E+12 1244.4
  774.00  0.13264E+12 1244.4
  776.00  0.13149E+12 1244.4
  778.00  0.13035E+12 1244.4
  780.00  0.12922E+12 1244.4
  782.00  0.12811E+12 1244.4
  784.00  0.12702E+12 1244.4
  786.00  0.12593E+12 1244.4
  788.00  0.12486E+12 1244.4
  790.00  0.12380E+12 1244.4
  792.00  0.12276E+12 1244.4
  794.00  0.12173E+12 1244.4
  796.00  0.12071E+12 1244.4
  798.00  0.11970E+12 1244.4
  800.00  0.11870E+12 1244.4
  802.00  0.11772E+12 1244.4
  804.00  0.11675E+12 1244.4
  806.00  0.11579E+12 1244.4
  808.00  0.11484E+12 1244.4
  810.00  0.11390E+12 1244.4
  812.00  0.11297E+12 1244.4
  814.00  0.11206E+12 1244.4
  816.00  0.11115E+12 1244.4
  818.00  0.11026E+12 1244.4
  820.00  0.10937E+12 1244.4
  822.00  0.10850E+12 1244.4
  824.00  0.10764E+12 1244.4
  826.00  0.10678E+12 1244.4
  828.00  0.10594E+12 1244.4
  830.00  0.10511E+12 1244.4
  832.00  0.10428E+12 1244.4
  834.00  0.10347E+12 1244.4
  836.00  0.10266E+12 1244.4
  838.00  0.10186E+12 1244.4
  840.00  0.10108E+12 1244.4
  842.00  0.10030E+12 1244.4
  844.00  0.99527E+11 1244.4
  846.00  0.98765E+11 1244.4
  848.00  0.98012E+11 1244.4
  850.00  0.97268E+11 1244.4
  852.00  0.96532E+11 1244.4
  854.00  0.95804E+11 1244.4
  856.00  0.95084E+11 1244.4
  858.00  0.94372E+11 1244.4
  860.00  0.93667E+11 1244.4
  862.00  0.92971E+11 1244.4
  864.00  0.92282E+11 1244.4
  866.00  0.91600E+11 1244.4
  868.00  0.90926E+11 1244.4
  870.00  0.90260E+11 1244.4
  872.00  0.89600E+11 1244.4
  874.00  0.88948E+11 1244.4
  876.00  0.88303E+11 1244.4
  878.00  0.87664E+11 1244.4
  880.00  0.87033E+11 1244.4
  882.00  0.86408E+11 1244.4
  884.00  0.85789E+11 1244.4
  886.00  0.85178E+11 1244.4
  888.00  0.84572E+11 1244.4
  890.00  0.83973E+11 1244.4
  892.00  0.83381E+11 1244.4
  894.00  0.82794E+11 1244.4
  896.00  0.82214E+11 1244.4
  898.00  0.81640E+11 1244.4
  900.00  0.81072E+11 1244.4
  902.00  0.80509E+11 1244.4
  904.00  0.79953E+11 1244.4
  906.00  0.79402E+11 1244.4
  908.00  0.78857E+11 1244.4
  910.00  0.78317E+11 1244.4
  912.00  0.77783E+11 1244.4
  914.00  0.77255E+11 1244.4
  916.00  0.76731E+11 1244.4
  918.00  0.76213E+11 1244.4
  920.00  0.75700E+11 1244.4
  922.00  0.75193E+11 1244.4
  924.00  0.74690E+11 1244.4
  926.00  0.74193E+11 1244.4
  928.00  0.73700E+11 1244.4
  930.00  0.73213E+11 1244.4
  932.00  0.72730E+11 1244.4
  934.00  0.72252E+11 1244.4
  936.00  0.71779E+11 1244.4
  938.00  0.71310E+11 1244.4
  940.00  0.70846E+11 1244.4
  942.00  0.70387E+11 1244.4
  944.00  0.69932E+11 1244.4
  946.00  0.69482E+11 1244.4
  948.00  0.69035E+11 1244.4
  950.00  0.68594E+11 1244.4
  952.00  0.68156E+11 1244.4
  954.00  0.67723E+11 1244.4
  956.00  0.67294E+11 1244.4
  958.00  0.66869E+11 1244.4
  960.00  0.66448E+11 1244.4
  962.00  0.66031E+11 1244.4
  964.00  0.65618E+11 1244.4
  966.00  0.65208E+11 1244.4
  968.00  0.64803E+11 1244.4
  970.00  0.64402E+11 1244.4
  972.00  0.64004E+11 1244.4
  974.00  0.63610E+11 1244.4
  976.00  0.63220E+11 1244.4
  978.00  0.62834E+11 1244.4
  980.00  0.62451E+11 1244.4
  982.00  0.62071E+11 1244.4
  984.00  0.61695E+11 1244.4
  986.00  0.61323E+11 1244.4
  988.00  0.60954E+11 1244.4
  990.00  0.60588E+11 1244.4
  992.00  0.60226E+11 1244.4
  994.00  0.59867E+11 1244.4
  996.00  0.59511E+11 1244.4
  998.00  0.59159E+11 1244.4
 1000.00  0.58810E+11 1244.4
