    0.0  290.3  1037
    2.0  281.2  1037
    4.0  267.5  1037
    6.0  252.4  1037
    8.0  238.3  1037
   10.0  226.8  1037
   12.0  218.5  1037
   14.0  213.3  1037
   16.0  211.1  1037
   18.0  211.4  1037
   20.0  213.1  1037
   22.0  215.4  1037
   24.0  218.2  1037
   26.0  221.5  1037
   28.0  225.2  1037
   30.0  229.4  1037
   32.0  234.1  1037
   34.0  239.6  1037
   36.0  246.5  1037
   38.0  254.0  1037
   40.0  261.6  1037
   42.0  268.4  1037
   44.0  273.1  1037
   46.0  274.8  1037
   48.0  273.2  1037
   50.0  269.3  1037
   52.0  263.9  1037
   54.0  258.0  1037
   56.0  252.2  1037
   58.0  246.9  1037
   60.0  242.0  1037
   62.0  237.2  1037
   64.0  232.7  1037
   66.0  228.2  1037
   68.0  223.7  1037
   70.0  219.2  1037
   72.0  214.5  1037
   74.0  209.6  1037
   76.0  204.2  1037
   78.0  198.7  1037
   80.0  193.5  1037
   82.0  188.7  1037
   84.0  184.5  1037
   86.0  181.2  1037
   88.0  178.8  1037
   90.0  177.5  1037
   92.0  177.5  1037
   94.0  178.7  1037
   96.0  181.1  1037
   98.0  184.8  1037
  100.0  189.8  1037
  102.0  196.3  1037
  104.0  204.5  1037
  106.0  214.7  1037
  108.0  227.4  1037
  110.0  243.3  1037
  112.0  263.2  1037
  114.0  287.5  1037
  116.0  316.5  1037
  118.0  350.1  1037
  120.0  387.3  1037
  122.0  425.4  1037
  124.0  461.0  1088
  126.0  494.4  1088
  128.0  525.9  1088
  130.0  555.8  1088
  132.0  584.1  1088
  134.0  610.8  1088
  136.0  636.2  1088
  138.0  660.1  1088
  140.0  682.8  1088
  142.0  704.2  1088
  144.0  724.6  1088
  146.0  743.8  1088
  148.0  762.0  1088
  150.0  779.2  1088
  152.0  795.5  1088
  154.0  811.0  1088
  156.0  825.6  1088
  158.0  839.4  1088
  160.0  852.5  1088
  162.0  864.9  1088
  164.0  876.6  1088
  166.0  887.8  1088
  168.0  898.3  1088
  170.0  908.3  1088
  172.0  917.7  1088
  174.0  926.6  1088
  176.0  935.1  1088
  178.0  943.1  1088
  180.0  950.7  1088
  182.0  957.9  1088
  184.0  964.7  1088
  186.0  971.2  1088
  188.0  977.3  1088
  190.0  983.0  1088
  192.0  988.5  1088
  194.0  993.7  1088
  196.0  998.6  1088
  198.0 1003.3  1088
  200.0 1007.7  1088
  202.0 1011.9  1088
  204.0 1015.9  1088
  206.0 1019.6  1088
  208.0 1023.2  1088
  210.0 1026.5  1088
  212.0 1029.7  1088
  214.0 1032.8  1088
  216.0 1035.6  1088
  218.0 1038.3  1088
  220.0 1040.9  1088
  222.0 1043.4  1088
  224.0 1045.7  1088
  226.0 1047.9  1088
  228.0 1049.9  1088
  230.0 1051.9  1088
  232.0 1053.8  1088
  234.0 1055.5  1088
  236.0 1057.2  1088
  238.0 1058.8  1088
  240.0 1060.3  1088
  242.0 1061.8  1088
  244.0 1063.1  1088
  246.0 1064.4  1088
  248.0 1065.6  1088
  250.0 1066.8  1088
  252.0 1067.9  1088
  254.0 1068.9  1088
  256.0 1069.9  1088
  258.0 1070.8  1088
  260.0 1071.7  1088
  262.0 1072.5  1088
  264.0 1073.3  1088
  266.0 1074.1  1088
  268.0 1074.8  1088
  270.0 1075.5  1088
  272.0 1076.1  1088
  274.0 1076.7  1088
  276.0 1077.3  1088
  278.0 1077.9  1088
  280.0 1078.4  1088
  282.0 1078.9  1088
  284.0 1079.4  1088
  286.0 1079.8  1088
  288.0 1080.2  1088
  290.0 1080.6  1088
  292.0 1081.0  1088
  294.0 1081.4  1088
  296.0 1081.7  1088
  298.0 1082.0  1088
  300.0 1082.3  1088
  302.0 1082.6  1088
  304.0 1082.9  1088
  306.0 1083.2  1088
  308.0 1083.4  1088
  310.0 1083.7  1088
  312.0 1083.9  1088
  314.0 1084.1  1088
  316.0 1084.3  1088
  318.0 1084.5  1088
  320.0 1084.7  1088
  322.0 1084.8  1088
  324.0 1085.0  1088
  326.0 1085.2  1088
  328.0 1085.3  1088
  330.0 1085.5  1088
  332.0 1085.6  1088
  334.0 1085.7  1088
  336.0 1085.8  1088
  338.0 1086.0  1088
  340.0 1086.1  1088
  342.0 1086.2  1088
  344.0 1086.3  1088
  346.0 1086.4  1088
  348.0 1086.4  1088
  350.0 1086.5  1088
  352.0 1086.6  1088
  354.0 1086.7  1088
  356.0 1086.8  1088
  358.0 1086.8  1088
  360.0 1086.9  1088
  362.0 1086.9  1088
  364.0 1087.0  1088
  366.0 1087.1  1088
  368.0 1087.1  1088
  370.0 1087.2  1088
  372.0 1087.2  1088
  374.0 1087.3  1088
  376.0 1087.3  1088
  378.0 1087.3  1088
  380.0 1087.4  1088
  382.0 1087.4  1088
  384.0 1087.5  1088
  386.0 1087.5  1088
  388.0 1087.5  1088
  390.0 1087.5  1088
  392.0 1087.6  1088
  394.0 1087.6  1088
  396.0 1087.6  1088
  398.0 1087.7  1088
  400.0 1087.7  1088
  402.0 1087.7  1088
  404.0 1087.7  1088
  406.0 1087.7  1088
  408.0 1087.8  1088
  410.0 1087.8  1088
  412.0 1087.8  1088
  414.0 1087.8  1088
  416.0 1087.8  1088
  418.0 1087.8  1088
  420.0 1087.9  1088
  422.0 1087.9  1088
  424.0 1087.9  1088
  426.0 1087.9  1088
  428.0 1087.9  1088
  430.0 1087.9  1088
  432.0 1087.9  1088
  434.0 1087.9  1088
  436.0 1087.9  1088
  438.0 1088.0  1088
  440.0 1088.0  1088
  442.0 1088.0  1088
  444.0 1088.0  1088
  446.0 1088.0  1088
  448.0 1088.0  1088
  450.0 1088.0  1088
  452.0 1088.0  1088
  454.0 1088.0  1088
  456.0 1088.0  1088
  458.0 1088.0  1088
  460.0 1088.0  1088
  462.0 1088.0  1088
  464.0 1088.0  1088
  466.0 1088.0  1088
  468.0 1088.0  1088
  470.0 1088.0  1088
  472.0 1088.1  1088
  474.0 1088.1  1088
  476.0 1088.1  1088
  478.0 1088.1  1088
  480.0 1088.1  1088
  482.0 1088.1  1088
  484.0 1088.1  1088
  486.0 1088.1  1088
  488.0 1088.1  1088
  490.0 1088.1  1088
  492.0 1088.1  1088
  494.0 1088.1  1088
  496.0 1088.1  1088
  498.0 1088.1  1088
  500.0 1088.1  1088
  502.0 1088.1  1088
  504.0 1088.1  1088
  506.0 1088.1  1088
  508.0 1088.1  1088
  510.0 1088.1  1088
  512.0 1088.1  1088
  514.0 1088.1  1088
  516.0 1088.1  1088
  518.0 1088.1  1088
  520.0 1088.1  1088
  522.0 1088.1  1088
  524.0 1088.1  1088
  526.0 1088.1  1088
  528.0 1088.1  1088
  530.0 1088.1  1088
  532.0 1088.1  1088
  534.0 1088.1  1088
  536.0 1088.1  1088
  538.0 1088.1  1088
  540.0 1088.1  1088
  542.0 1088.1  1088
  544.0 1088.1  1088
  546.0 1088.1  1088
  548.0 1088.1  1088
  550.0 1088.1  1088
  552.0 1088.1  1088
  554.0 1088.1  1088
  556.0 1088.1  1088
  558.0 1088.1  1088
  560.0 1088.1  1088
  562.0 1088.1  1088
  564.0 1088.1  1088
  566.0 1088.1  1088
  568.0 1088.1  1088
  570.0 1088.1  1088
  572.0 1088.1  1088
  574.0 1088.1  1088
  576.0 1088.1  1088
  578.0 1088.1  1088
  580.0 1088.1  1088
  582.0 1088.1  1088
  584.0 1088.1  1088
  586.0 1088.1  1088
  588.0 1088.1  1088
  590.0 1088.1  1088
  592.0 1088.1  1088
  594.0 1088.1  1088
  596.0 1088.1  1088
  598.0 1088.1  1088
  600.0 1088.1  1088
  602.0 1088.1  1088
  604.0 1088.1  1088
  606.0 1088.1  1088
  608.0 1088.1  1088
  610.0 1088.1  1088
  612.0 1088.1  1088
  614.0 1088.1  1088
  616.0 1088.1  1088
  618.0 1088.1  1088
  620.0 1088.1  1088
  622.0 1088.1  1088
  624.0 1088.1  1088
  626.0 1088.1  1088
  628.0 1088.1  1088
  630.0 1088.1  1088
  632.0 1088.1  1088
  634.0 1088.1  1088
  636.0 1088.1  1088
  638.0 1088.1  1088
  640.0 1088.1  1088
  642.0 1088.1  1088
  644.0 1088.1  1088
  646.0 1088.1  1088
  648.0 1088.1  1088
  650.0 1088.1  1088
  652.0 1088.1  1088
  654.0 1088.1  1088
  656.0 1088.1  1088
  658.0 1088.1  1088
  660.0 1088.1  1088
  662.0 1088.1  1088
  664.0 1088.1  1088
  666.0 1088.1  1088
  668.0 1088.1  1088
  670.0 1088.1  1088
  672.0 1088.1  1088
  674.0 1088.1  1088
  676.0 1088.1  1088
  678.0 1088.1  1088
  680.0 1088.1  1088
  682.0 1088.1  1088
  684.0 1088.1  1088
  686.0 1088.1  1088
  688.0 1088.1  1088
  690.0 1088.1  1088
  692.0 1088.1  1088
  694.0 1088.1  1088
  696.0 1088.1  1088
  698.0 1088.1  1088
  700.0 1088.1  1088
  702.0 1088.1  1088
  704.0 1088.1  1088
  706.0 1088.1  1088
  708.0 1088.1  1088
  710.0 1088.1  1088
  712.0 1088.1  1088
  714.0 1088.1  1088
  716.0 1088.1  1088
  718.0 1088.1  1088
  720.0 1088.1  1088
  722.0 1088.1  1088
  724.0 1088.1  1088
  726.0 1088.1  1088
  728.0 1088.1  1088
  730.0 1088.1  1088
  732.0 1088.1  1088
  734.0 1088.1  1088
  736.0 1088.1  1088
  738.0 1088.1  1088
  740.0 1088.1  1088
  742.0 1088.1  1088
  744.0 1088.1  1088
  746.0 1088.1  1088
  748.0 1088.1  1088
  750.0 1088.1  1088
  752.0 1088.1  1088
  754.0 1088.1  1088
  756.0 1088.1  1088
  758.0 1088.1  1088
  760.0 1088.1  1088
  762.0 1088.1  1088
  764.0 1088.1  1088
  766.0 1088.1  1088
  768.0 1088.1  1088
  770.0 1088.1  1088
  772.0 1088.1  1088
  774.0 1088.1  1088
  776.0 1088.1  1088
  778.0 1088.1  1088
  780.0 1088.1  1088
  782.0 1088.1  1088
  784.0 1088.1  1088
  786.0 1088.1  1088
  788.0 1088.1  1088
  790.0 1088.1  1088
  792.0 1088.1  1088
  794.0 1088.1  1088
  796.0 1088.1  1088
  798.0 1088.1  1088
  800.0 1088.1  1088
  802.0 1088.1  1088
  804.0 1088.1  1088
  806.0 1088.1  1088
  808.0 1088.1  1088
  810.0 1088.1  1088
  812.0 1088.1  1088
  814.0 1088.1  1088
  816.0 1088.1  1088
  818.0 1088.1  1088
  820.0 1088.1  1088
  822.0 1088.1  1088
  824.0 1088.1  1088
  826.0 1088.1  1088
  828.0 1088.1  1088
  830.0 1088.1  1088
  832.0 1088.1  1088
  834.0 1088.1  1088
  836.0 1088.1  1088
  838.0 1088.1  1088
  840.0 1088.1  1088
  842.0 1088.1  1088
  844.0 1088.1  1088
  846.0 1088.1  1088
  848.0 1088.1  1088
  850.0 1088.1  1088
  852.0 1088.1  1088
  854.0 1088.1  1088
  856.0 1088.1  1088
  858.0 1088.1  1088
  860.0 1088.1  1088
  862.0 1088.1  1088
  864.0 1088.1  1088
  866.0 1088.1  1088
  868.0 1088.1  1088
  870.0 1088.1  1088
  872.0 1088.1  1088
  874.0 1088.1  1088
  876.0 1088.1  1088
  878.0 1088.1  1088
  880.0 1088.1  1088
  882.0 1088.1  1088
  884.0 1088.1  1088
  886.0 1088.1  1088
  888.0 1088.1  1088
  890.0 1088.1  1088
  892.0 1088.1  1088
  894.0 1088.1  1088
  896.0 1088.1  1088
  898.0 1088.1  1088
  900.0 1088.1  1088
  902.0 1088.1  1088
  904.0 1088.1  1088
  906.0 1088.1  1088
  908.0 1088.1  1088
  910.0 1088.1  1088
  912.0 1088.1  1088
  914.0 1088.1  1088
  916.0 1088.1  1088
  918.0 1088.1  1088
  920.0 1088.1  1088
  922.0 1088.1  1088
  924.0 1088.1  1088
  926.0 1088.1  1088
  928.0 1088.1  1088
  930.0 1088.1  1088
  932.0 1088.1  1088
  934.0 1088.1  1088
  936.0 1088.1  1088
  938.0 1088.1  1088
  940.0 1088.1  1088
  942.0 1088.1  1088
  944.0 1088.1  1088
  946.0 1088.1  1088
  948.0 1088.1  1088
  950.0 1088.1  1088
  952.0 1088.1  1088
  954.0 1088.1  1088
  956.0 1088.1  1088
  958.0 1088.1  1088
  960.0 1088.1  1088
  962.0 1088.1  1088
  964.0 1088.1  1088
  966.0 1088.1  1088
  968.0 1088.1  1088
  970.0 1088.1  1088
  972.0 1088.1  1088
  974.0 1088.1  1088
  976.0 1088.1  1088
  978.0 1088.1  1088
  980.0 1088.1  1088
  982.0 1088.1  1088
  984.0 1088.1  1088
  986.0 1088.1  1088
  988.0 1088.1  1088
  990.0 1088.1  1088
  992.0 1088.1  1088
  994.0 1088.1  1088
  996.0 1088.1  1088
  998.0 1088.1  1088
 1000.0 1088.1  1088
