    0.0  290.3  1037
    2.0  281.2  1037
    4.0  267.5  1037
    6.0  252.4  1037
    8.0  238.3  1037
   10.0  226.8  1037
   12.0  218.5  1037
   14.0  213.3  1037
   16.0  211.1  1037
   18.0  211.4  1037
   20.0  213.1  1037
   22.0  215.4  1037
   24.0  218.2  1037
   26.0  221.5  1037
   28.0  225.2  1037
   30.0  229.4  1037
   32.0  234.1  1037
   34.0  239.6  1037
   36.0  246.4  1037
   38.0  254.0  1037
   40.0  261.6  1037
   42.0  268.3  1037
   44.0  273.1  1037
   46.0  274.8  1037
   48.0  273.3  1037
   50.0  269.4  1037
   52.0  264.1  1037
   54.0  258.0  1037
   56.0  252.1  1037
   58.0  246.5  1037
   60.0  241.3  1037
   62.0  236.3  1037
   64.0  231.4  1037
   66.0  226.7  1037
   68.0  222.0  1037
   70.0  217.4  1037
   72.0  212.7  1037
   74.0  207.8  1037
   76.0  202.3  1037
   78.0  196.5  1037
   80.0  190.7  1037
   82.0  185.2  1037
   84.0  180.0  1037
   86.0  175.5  1037
   88.0  171.7  1037
   90.0  168.6  1037
   92.0  166.5  1037
   94.0  165.7  1037
   96.0  166.7  1037
   98.0  170.1  1037
  100.0  176.7  1037
  102.0  187.7  1037
  104.0  203.5  1037
  106.0  224.2  1037
  108.0  249.7  1037
  110.0  278.8  1037
  112.0  308.9  1037
  114.0  338.8  1037
  116.0  367.7  1037
  118.0  395.4  1037
  120.0  422.2  1037
  122.0  449.2  1037
  124.0  477.7  1159
  126.0  505.3  1159
  128.0  531.7  1159
  130.0  557.1  1159
  132.0  581.4  1159
  134.0  604.7  1159
  136.0  627.1  1159
  138.0  648.6  1159
  140.0  669.2  1159
  142.0  688.9  1159
  144.0  707.8  1159
  146.0  726.0  1159
  148.0  743.4  1159
  150.0  760.1  1159
  152.0  776.1  1159
  154.0  791.5  1159
  156.0  806.3  1159
  158.0  820.4  1159
  160.0  834.0  1159
  162.0  847.0  1159
  164.0  859.5  1159
  166.0  871.5  1159
  168.0  883.0  1159
  170.0  894.0  1159
  172.0  904.6  1159
  174.0  914.8  1159
  176.0  924.5  1159
  178.0  933.9  1159
  180.0  942.9  1159
  182.0  951.5  1159
  184.0  959.8  1159
  186.0  967.7  1159
  188.0  975.3  1159
  190.0  982.6  1159
  192.0  989.6  1159
  194.0  996.4  1159
  196.0 1002.8  1159
  198.0 1009.0  1159
  200.0 1015.0  1159
  202.0 1020.7  1159
  204.0 1026.2  1159
  206.0 1031.4  1159
  208.0 1036.5  1159
  210.0 1041.3  1159
  212.0 1046.0  1159
  214.0 1050.5  1159
  216.0 1054.7  1159
  218.0 1058.9  1159
  220.0 1062.8  1159
  222.0 1066.6  1159
  224.0 1070.3  1159
  226.0 1073.8  1159
  228.0 1077.1  1159
  230.0 1080.4  1159
  232.0 1083.5  1159
  234.0 1086.4  1159
  236.0 1089.3  1159
  238.0 1092.0  1159
  240.0 1094.7  1159
  242.0 1097.2  1159
  244.0 1099.6  1159
  246.0 1102.0  1159
  248.0 1104.2  1159
  250.0 1106.4  1159
  252.0 1108.4  1159
  254.0 1110.4  1159
  256.0 1112.3  1159
  258.0 1114.2  1159
  260.0 1115.9  1159
  262.0 1117.6  1159
  264.0 1119.2  1159
  266.0 1120.8  1159
  268.0 1122.3  1159
  270.0 1123.7  1159
  272.0 1125.1  1159
  274.0 1126.4  1159
  276.0 1127.7  1159
  278.0 1128.9  1159
  280.0 1130.1  1159
  282.0 1131.2  1159
  284.0 1132.3  1159
  286.0 1133.4  1159
  288.0 1134.4  1159
  290.0 1135.4  1159
  292.0 1136.3  1159
  294.0 1137.2  1159
  296.0 1138.0  1159
  298.0 1138.8  1159
  300.0 1139.6  1159
  302.0 1140.4  1159
  304.0 1141.1  1159
  306.0 1141.8  1159
  308.0 1142.5  1159
  310.0 1143.2  1159
  312.0 1143.8  1159
  314.0 1144.4  1159
  316.0 1145.0  1159
  318.0 1145.5  1159
  320.0 1146.0  1159
  322.0 1146.6  1159
  324.0 1147.0  1159
  326.0 1147.5  1159
  328.0 1148.0  1159
  330.0 1148.4  1159
  332.0 1148.8  1159
  334.0 1149.2  1159
  336.0 1149.6  1159
  338.0 1150.0  1159
  340.0 1150.3  1159
  342.0 1150.7  1159
  344.0 1151.0  1159
  346.0 1151.3  1159
  348.0 1151.7  1159
  350.0 1151.9  1159
  352.0 1152.2  1159
  354.0 1152.5  1159
  356.0 1152.8  1159
  358.0 1153.0  1159
  360.0 1153.3  1159
  362.0 1153.5  1159
  364.0 1153.7  1159
  366.0 1153.9  1159
  368.0 1154.1  1159
  370.0 1154.3  1159
  372.0 1154.5  1159
  374.0 1154.7  1159
  376.0 1154.9  1159
  378.0 1155.1  1159
  380.0 1155.2  1159
  382.0 1155.4  1159
  384.0 1155.5  1159
  386.0 1155.7  1159
  388.0 1155.8  1159
  390.0 1156.0  1159
  392.0 1156.1  1159
  394.0 1156.2  1159
  396.0 1156.3  1159
  398.0 1156.5  1159
  400.0 1156.6  1159
  402.0 1156.7  1159
  404.0 1156.8  1159
  406.0 1156.9  1159
  408.0 1157.0  1159
  410.0 1157.1  1159
  412.0 1157.1  1159
  414.0 1157.2  1159
  416.0 1157.3  1159
  418.0 1157.4  1159
  420.0 1157.5  1159
  422.0 1157.5  1159
  424.0 1157.6  1159
  426.0 1157.7  1159
  428.0 1157.7  1159
  430.0 1157.8  1159
  432.0 1157.9  1159
  434.0 1157.9  1159
  436.0 1158.0  1159
  438.0 1158.0  1159
  440.0 1158.1  1159
  442.0 1158.1  1159
  444.0 1158.2  1159
  446.0 1158.2  1159
  448.0 1158.3  1159
  450.0 1158.3  1159
  452.0 1158.4  1159
  454.0 1158.4  1159
  456.0 1158.4  1159
  458.0 1158.5  1159
  460.0 1158.5  1159
  462.0 1158.5  1159
  464.0 1158.6  1159
  466.0 1158.6  1159
  468.0 1158.6  1159
  470.0 1158.7  1159
  472.0 1158.7  1159
  474.0 1158.7  1159
  476.0 1158.7  1159
  478.0 1158.8  1159
  480.0 1158.8  1159
  482.0 1158.8  1159
  484.0 1158.8  1159
  486.0 1158.9  1159
  488.0 1158.9  1159
  490.0 1158.9  1159
  492.0 1158.9  1159
  494.0 1158.9  1159
  496.0 1159.0  1159
  498.0 1159.0  1159
  500.0 1159.0  1159
  502.0 1159.0  1159
  504.0 1159.0  1159
  506.0 1159.0  1159
  508.0 1159.1  1159
  510.0 1159.1  1159
  512.0 1159.1  1159
  514.0 1159.1  1159
  516.0 1159.1  1159
  518.0 1159.1  1159
  520.0 1159.1  1159
  522.0 1159.1  1159
  524.0 1159.2  1159
  526.0 1159.2  1159
  528.0 1159.2  1159
  530.0 1159.2  1159
  532.0 1159.2  1159
  534.0 1159.2  1159
  536.0 1159.2  1159
  538.0 1159.2  1159
  540.0 1159.2  1159
  542.0 1159.2  1159
  544.0 1159.2  1159
  546.0 1159.2  1159
  548.0 1159.3  1159
  550.0 1159.3  1159
  552.0 1159.3  1159
  554.0 1159.3  1159
  556.0 1159.3  1159
  558.0 1159.3  1159
  560.0 1159.3  1159
  562.0 1159.3  1159
  564.0 1159.3  1159
  566.0 1159.3  1159
  568.0 1159.3  1159
  570.0 1159.3  1159
  572.0 1159.3  1159
  574.0 1159.3  1159
  576.0 1159.3  1159
  578.0 1159.3  1159
  580.0 1159.3  1159
  582.0 1159.3  1159
  584.0 1159.3  1159
  586.0 1159.3  1159
  588.0 1159.4  1159
  590.0 1159.4  1159
  592.0 1159.4  1159
  594.0 1159.4  1159
  596.0 1159.4  1159
  598.0 1159.4  1159
  600.0 1159.4  1159
  602.0 1159.4  1159
  604.0 1159.4  1159
  606.0 1159.4  1159
  608.0 1159.4  1159
  610.0 1159.4  1159
  612.0 1159.4  1159
  614.0 1159.4  1159
  616.0 1159.4  1159
  618.0 1159.4  1159
  620.0 1159.4  1159
  622.0 1159.4  1159
  624.0 1159.4  1159
  626.0 1159.4  1159
  628.0 1159.4  1159
  630.0 1159.4  1159
  632.0 1159.4  1159
  634.0 1159.4  1159
  636.0 1159.4  1159
  638.0 1159.4  1159
  640.0 1159.4  1159
  642.0 1159.4  1159
  644.0 1159.4  1159
  646.0 1159.4  1159
  648.0 1159.4  1159
  650.0 1159.4  1159
  652.0 1159.4  1159
  654.0 1159.4  1159
  656.0 1159.4  1159
  658.0 1159.4  1159
  660.0 1159.4  1159
  662.0 1159.4  1159
  664.0 1159.4  1159
  666.0 1159.4  1159
  668.0 1159.4  1159
  670.0 1159.4  1159
  672.0 1159.4  1159
  674.0 1159.4  1159
  676.0 1159.4  1159
  678.0 1159.4  1159
  680.0 1159.4  1159
  682.0 1159.4  1159
  684.0 1159.4  1159
  686.0 1159.4  1159
  688.0 1159.4  1159
  690.0 1159.4  1159
  692.0 1159.4  1159
  694.0 1159.4  1159
  696.0 1159.4  1159
  698.0 1159.4  1159
  700.0 1159.4  1159
  702.0 1159.4  1159
  704.0 1159.4  1159
  706.0 1159.4  1159
  708.0 1159.4  1159
  710.0 1159.4  1159
  712.0 1159.4  1159
  714.0 1159.4  1159
  716.0 1159.4  1159
  718.0 1159.4  1159
  720.0 1159.4  1159
  722.0 1159.4  1159
  724.0 1159.4  1159
  726.0 1159.4  1159
  728.0 1159.4  1159
  730.0 1159.4  1159
  732.0 1159.4  1159
  734.0 1159.4  1159
  736.0 1159.4  1159
  738.0 1159.4  1159
  740.0 1159.4  1159
  742.0 1159.4  1159
  744.0 1159.4  1159
  746.0 1159.4  1159
  748.0 1159.4  1159
  750.0 1159.4  1159
  752.0 1159.4  1159
  754.0 1159.4  1159
  756.0 1159.4  1159
  758.0 1159.4  1159
  760.0 1159.4  1159
  762.0 1159.4  1159
  764.0 1159.4  1159
  766.0 1159.4  1159
  768.0 1159.4  1159
  770.0 1159.4  1159
  772.0 1159.4  1159
  774.0 1159.4  1159
  776.0 1159.4  1159
  778.0 1159.4  1159
  780.0 1159.4  1159
  782.0 1159.4  1159
  784.0 1159.4  1159
  786.0 1159.4  1159
  788.0 1159.4  1159
  790.0 1159.4  1159
  792.0 1159.4  1159
  794.0 1159.4  1159
  796.0 1159.4  1159
  798.0 1159.4  1159
  800.0 1159.4  1159
  802.0 1159.4  1159
  804.0 1159.4  1159
  806.0 1159.4  1159
  808.0 1159.4  1159
  810.0 1159.4  1159
  812.0 1159.4  1159
  814.0 1159.4  1159
  816.0 1159.4  1159
  818.0 1159.4  1159
  820.0 1159.4  1159
  822.0 1159.4  1159
  824.0 1159.4  1159
  826.0 1159.4  1159
  828.0 1159.4  1159
  830.0 1159.4  1159
  832.0 1159.4  1159
  834.0 1159.4  1159
  836.0 1159.4  1159
  838.0 1159.4  1159
  840.0 1159.4  1159
  842.0 1159.4  1159
  844.0 1159.4  1159
  846.0 1159.4  1159
  848.0 1159.4  1159
  850.0 1159.4  1159
  852.0 1159.4  1159
  854.0 1159.4  1159
  856.0 1159.4  1159
  858.0 1159.4  1159
  860.0 1159.4  1159
  862.0 1159.4  1159
  864.0 1159.4  1159
  866.0 1159.4  1159
  868.0 1159.4  1159
  870.0 1159.4  1159
  872.0 1159.4  1159
  874.0 1159.4  1159
  876.0 1159.4  1159
  878.0 1159.4  1159
  880.0 1159.4  1159
  882.0 1159.4  1159
  884.0 1159.4  1159
  886.0 1159.4  1159
  888.0 1159.4  1159
  890.0 1159.4  1159
  892.0 1159.4  1159
  894.0 1159.4  1159
  896.0 1159.4  1159
  898.0 1159.4  1159
  900.0 1159.4  1159
  902.0 1159.4  1159
  904.0 1159.4  1159
  906.0 1159.4  1159
  908.0 1159.4  1159
  910.0 1159.4  1159
  912.0 1159.4  1159
  914.0 1159.4  1159
  916.0 1159.4  1159
  918.0 1159.4  1159
  920.0 1159.4  1159
  922.0 1159.4  1159
  924.0 1159.4  1159
  926.0 1159.4  1159
  928.0 1159.4  1159
  930.0 1159.4  1159
  932.0 1159.4  1159
  934.0 1159.4  1159
  936.0 1159.4  1159
  938.0 1159.4  1159
  940.0 1159.4  1159
  942.0 1159.4  1159
  944.0 1159.4  1159
  946.0 1159.4  1159
  948.0 1159.4  1159
  950.0 1159.4  1159
  952.0 1159.4  1159
  954.0 1159.4  1159
  956.0 1159.4  1159
  958.0 1159.4  1159
  960.0 1159.4  1159
  962.0 1159.4  1159
  964.0 1159.4  1159
  966.0 1159.4  1159
  968.0 1159.4  1159
  970.0 1159.4  1159
  972.0 1159.4  1159
  974.0 1159.4  1159
  976.0 1159.4  1159
  978.0 1159.4  1159
  980.0 1159.4  1159
  982.0 1159.4  1159
  984.0 1159.4  1159
  986.0 1159.4  1159
  988.0 1159.4  1159
  990.0 1159.4  1159
  992.0 1159.4  1159
  994.0 1159.4  1159
  996.0 1159.4  1159
  998.0 1159.4  1159
 1000.0 1159.4  1159
