    0.0  290.3  1037
    2.0  281.2  1037
    4.0  267.5  1037
    6.0  252.4  1037
    8.0  238.3  1037
   10.0  226.8  1037
   12.0  218.5  1037
   14.0  213.3  1037
   16.0  211.1  1037
   18.0  211.4  1037
   20.0  213.1  1037
   22.0  215.4  1037
   24.0  218.2  1037
   26.0  221.5  1037
   28.0  225.2  1037
   30.0  229.4  1037
   32.0  234.1  1037
   34.0  239.6  1037
   36.0  246.5  1037
   38.0  254.0  1037
   40.0  261.6  1037
   42.0  268.3  1037
   44.0  273.1  1037
   46.0  274.8  1037
   48.0  273.3  1037
   50.0  269.4  1037
   52.0  264.0  1037
   54.0  258.0  1037
   56.0  252.1  1037
   58.0  246.7  1037
   60.0  241.6  1037
   62.0  236.7  1037
   64.0  231.9  1037
   66.0  227.3  1037
   68.0  222.7  1037
   70.0  218.1  1037
   72.0  213.4  1037
   74.0  208.6  1037
   76.0  203.5  1037
   78.0  198.4  1037
   80.0  193.6  1037
   82.0  189.2  1037
   84.0  185.3  1037
   86.0  182.3  1037
   88.0  180.1  1037
   90.0  178.9  1037
   92.0  178.8  1037
   94.0  179.8  1037
   96.0  182.1  1037
   98.0  185.6  1037
  100.0  190.7  1037
  102.0  197.4  1037
  104.0  206.1  1037
  106.0  217.0  1037
  108.0  230.6  1037
  110.0  247.5  1037
  112.0  268.5  1037
  114.0  294.1  1037
  116.0  324.5  1037
  118.0  359.5  1037
  120.0  397.9  1037
  122.0  436.8  1037
  124.0  473.5  1342
  126.0  508.0  1342
  128.0  541.2  1342
  130.0  573.0  1342
  132.0  603.6  1342
  134.0  632.9  1342
  136.0  661.0  1342
  138.0  688.0  1342
  140.0  713.9  1342
  142.0  738.8  1342
  144.0  762.6  1342
  146.0  785.5  1342
  148.0  807.5  1342
  150.0  828.6  1342
  152.0  848.9  1342
  154.0  868.3  1342
  156.0  887.0  1342
  158.0  904.9  1342
  160.0  922.1  1342
  162.0  938.7  1342
  164.0  954.5  1342
  166.0  969.7  1342
  168.0  984.4  1342
  170.0  998.4  1342
  172.0 1011.9  1342
  174.0 1024.8  1342
  176.0 1037.2  1342
  178.0 1049.1  1342
  180.0 1060.6  1342
  182.0 1071.6  1342
  184.0 1082.2  1342
  186.0 1092.3  1342
  188.0 1102.1  1342
  190.0 1111.4  1342
  192.0 1120.4  1342
  194.0 1129.0  1342
  196.0 1137.3  1342
  198.0 1145.3  1342
  200.0 1152.9  1342
  202.0 1160.3  1342
  204.0 1167.3  1342
  206.0 1174.1  1342
  208.0 1180.6  1342
  210.0 1186.8  1342
  212.0 1192.8  1342
  214.0 1198.6  1342
  216.0 1204.2  1342
  218.0 1209.5  1342
  220.0 1214.6  1342
  222.0 1219.5  1342
  224.0 1224.2  1342
  226.0 1228.8  1342
  228.0 1233.1  1342
  230.0 1237.3  1342
  232.0 1241.3  1342
  234.0 1245.2  1342
  236.0 1248.9  1342
  238.0 1252.5  1342
  240.0 1255.9  1342
  242.0 1259.2  1342
  244.0 1262.4  1342
  246.0 1265.4  1342
  248.0 1268.3  1342
  250.0 1271.2  1342
  252.0 1273.9  1342
  254.0 1276.5  1342
  256.0 1279.0  1342
  258.0 1281.4  1342
  260.0 1283.7  1342
  262.0 1285.9  1342
  264.0 1288.0  1342
  266.0 1290.1  1342
  268.0 1292.0  1342
  270.0 1293.9  1342
  272.0 1295.7  1342
  274.0 1297.5  1342
  276.0 1299.2  1342
  278.0 1300.8  1342
  280.0 1302.3  1342
  282.0 1303.8  1342
  284.0 1305.3  1342
  286.0 1306.6  1342
  288.0 1308.0  1342
  290.0 1309.3  1342
  292.0 1310.5  1342
  294.0 1311.7  1342
  296.0 1312.8  1342
  298.0 1313.9  1342
  300.0 1314.9  1342
  302.0 1315.9  1342
  304.0 1316.9  1342
  306.0 1317.9  1342
  308.0 1318.7  1342
  310.0 1319.6  1342
  312.0 1320.4  1342
  314.0 1321.2  1342
  316.0 1322.0  1342
  318.0 1322.7  1342
  320.0 1323.5  1342
  322.0 1324.1  1342
  324.0 1324.8  1342
  326.0 1325.4  1342
  328.0 1326.0  1342
  330.0 1326.6  1342
  332.0 1327.2  1342
  334.0 1327.7  1342
  336.0 1328.3  1342
  338.0 1328.8  1342
  340.0 1329.2  1342
  342.0 1329.7  1342
  344.0 1330.1  1342
  346.0 1330.6  1342
  348.0 1331.0  1342
  350.0 1331.4  1342
  352.0 1331.8  1342
  354.0 1332.1  1342
  356.0 1332.5  1342
  358.0 1332.8  1342
  360.0 1333.2  1342
  362.0 1333.5  1342
  364.0 1333.8  1342
  366.0 1334.1  1342
  368.0 1334.4  1342
  370.0 1334.6  1342
  372.0 1334.9  1342
  374.0 1335.1  1342
  376.0 1335.4  1342
  378.0 1335.6  1342
  380.0 1335.8  1342
  382.0 1336.0  1342
  384.0 1336.3  1342
  386.0 1336.5  1342
  388.0 1336.6  1342
  390.0 1336.8  1342
  392.0 1337.0  1342
  394.0 1337.2  1342
  396.0 1337.3  1342
  398.0 1337.5  1342
  400.0 1337.7  1342
  402.0 1337.8  1342
  404.0 1337.9  1342
  406.0 1338.1  1342
  408.0 1338.2  1342
  410.0 1338.3  1342
  412.0 1338.5  1342
  414.0 1338.6  1342
  416.0 1338.7  1342
  418.0 1338.8  1342
  420.0 1338.9  1342
  422.0 1339.0  1342
  424.0 1339.1  1342
  426.0 1339.2  1342
  428.0 1339.3  1342
  430.0 1339.4  1342
  432.0 1339.5  1342
  434.0 1339.5  1342
  436.0 1339.6  1342
  438.0 1339.7  1342
  440.0 1339.8  1342
  442.0 1339.8  1342
  444.0 1339.9  1342
  446.0 1340.0  1342
  448.0 1340.0  1342
  450.0 1340.1  1342
  452.0 1340.1  1342
  454.0 1340.2  1342
  456.0 1340.2  1342
  458.0 1340.3  1342
  460.0 1340.3  1342
  462.0 1340.4  1342
  464.0 1340.4  1342
  466.0 1340.5  1342
  468.0 1340.5  1342
  470.0 1340.6  1342
  472.0 1340.6  1342
  474.0 1340.6  1342
  476.0 1340.7  1342
  478.0 1340.7  1342
  480.0 1340.8  1342
  482.0 1340.8  1342
  484.0 1340.8  1342
  486.0 1340.8  1342
  488.0 1340.9  1342
  490.0 1340.9  1342
  492.0 1340.9  1342
  494.0 1341.0  1342
  496.0 1341.0  1342
  498.0 1341.0  1342
  500.0 1341.0  1342
  502.0 1341.1  1342
  504.0 1341.1  1342
  506.0 1341.1  1342
  508.0 1341.1  1342
  510.0 1341.1  1342
  512.0 1341.2  1342
  514.0 1341.2  1342
  516.0 1341.2  1342
  518.0 1341.2  1342
  520.0 1341.2  1342
  522.0 1341.2  1342
  524.0 1341.3  1342
  526.0 1341.3  1342
  528.0 1341.3  1342
  530.0 1341.3  1342
  532.0 1341.3  1342
  534.0 1341.3  1342
  536.0 1341.3  1342
  538.0 1341.3  1342
  540.0 1341.4  1342
  542.0 1341.4  1342
  544.0 1341.4  1342
  546.0 1341.4  1342
  548.0 1341.4  1342
  550.0 1341.4  1342
  552.0 1341.4  1342
  554.0 1341.4  1342
  556.0 1341.4  1342
  558.0 1341.4  1342
  560.0 1341.4  1342
  562.0 1341.5  1342
  564.0 1341.5  1342
  566.0 1341.5  1342
  568.0 1341.5  1342
  570.0 1341.5  1342
  572.0 1341.5  1342
  574.0 1341.5  1342
  576.0 1341.5  1342
  578.0 1341.5  1342
  580.0 1341.5  1342
  582.0 1341.5  1342
  584.0 1341.5  1342
  586.0 1341.5  1342
  588.0 1341.5  1342
  590.0 1341.5  1342
  592.0 1341.5  1342
  594.0 1341.5  1342
  596.0 1341.6  1342
  598.0 1341.6  1342
  600.0 1341.6  1342
  602.0 1341.6  1342
  604.0 1341.6  1342
  606.0 1341.6  1342
  608.0 1341.6  1342
  610.0 1341.6  1342
  612.0 1341.6  1342
  614.0 1341.6  1342
  616.0 1341.6  1342
  618.0 1341.6  1342
  620.0 1341.6  1342
  622.0 1341.6  1342
  624.0 1341.6  1342
  626.0 1341.6  1342
  628.0 1341.6  1342
  630.0 1341.6  1342
  632.0 1341.6  1342
  634.0 1341.6  1342
  636.0 1341.6  1342
  638.0 1341.6  1342
  640.0 1341.6  1342
  642.0 1341.6  1342
  644.0 1341.6  1342
  646.0 1341.6  1342
  648.0 1341.6  1342
  650.0 1341.6  1342
  652.0 1341.6  1342
  654.0 1341.6  1342
  656.0 1341.6  1342
  658.0 1341.6  1342
  660.0 1341.6  1342
  662.0 1341.6  1342
  664.0 1341.6  1342
  666.0 1341.6  1342
  668.0 1341.6  1342
  670.0 1341.6  1342
  672.0 1341.6  1342
  674.0 1341.6  1342
  676.0 1341.6  1342
  678.0 1341.6  1342
  680.0 1341.6  1342
  682.0 1341.6  1342
  684.0 1341.6  1342
  686.0 1341.6  1342
  688.0 1341.6  1342
  690.0 1341.6  1342
  692.0 1341.6  1342
  694.0 1341.6  1342
  696.0 1341.6  1342
  698.0 1341.6  1342
  700.0 1341.6  1342
  702.0 1341.6  1342
  704.0 1341.6  1342
  706.0 1341.6  1342
  708.0 1341.6  1342
  710.0 1341.6  1342
  712.0 1341.7  1342
  714.0 1341.7  1342
  716.0 1341.7  1342
  718.0 1341.7  1342
  720.0 1341.7  1342
  722.0 1341.7  1342
  724.0 1341.7  1342
  726.0 1341.7  1342
  728.0 1341.7  1342
  730.0 1341.7  1342
  732.0 1341.7  1342
  734.0 1341.7  1342
  736.0 1341.7  1342
  738.0 1341.7  1342
  740.0 1341.7  1342
  742.0 1341.7  1342
  744.0 1341.7  1342
  746.0 1341.7  1342
  748.0 1341.7  1342
  750.0 1341.7  1342
  752.0 1341.7  1342
  754.0 1341.7  1342
  756.0 1341.7  1342
  758.0 1341.7  1342
  760.0 1341.7  1342
  762.0 1341.7  1342
  764.0 1341.7  1342
  766.0 1341.7  1342
  768.0 1341.7  1342
  770.0 1341.7  1342
  772.0 1341.7  1342
  774.0 1341.7  1342
  776.0 1341.7  1342
  778.0 1341.7  1342
  780.0 1341.7  1342
  782.0 1341.7  1342
  784.0 1341.7  1342
  786.0 1341.7  1342
  788.0 1341.7  1342
  790.0 1341.7  1342
  792.0 1341.7  1342
  794.0 1341.7  1342
  796.0 1341.7  1342
  798.0 1341.7  1342
  800.0 1341.7  1342
  802.0 1341.7  1342
  804.0 1341.7  1342
  806.0 1341.7  1342
  808.0 1341.7  1342
  810.0 1341.7  1342
  812.0 1341.7  1342
  814.0 1341.7  1342
  816.0 1341.7  1342
  818.0 1341.7  1342
  820.0 1341.7  1342
  822.0 1341.7  1342
  824.0 1341.7  1342
  826.0 1341.7  1342
  828.0 1341.7  1342
  830.0 1341.7  1342
  832.0 1341.7  1342
  834.0 1341.7  1342
  836.0 1341.7  1342
  838.0 1341.7  1342
  840.0 1341.7  1342
  842.0 1341.7  1342
  844.0 1341.7  1342
  846.0 1341.7  1342
  848.0 1341.7  1342
  850.0 1341.7  1342
  852.0 1341.7  1342
  854.0 1341.7  1342
  856.0 1341.7  1342
  858.0 1341.7  1342
  860.0 1341.7  1342
  862.0 1341.7  1342
  864.0 1341.7  1342
  866.0 1341.7  1342
  868.0 1341.7  1342
  870.0 1341.7  1342
  872.0 1341.7  1342
  874.0 1341.7  1342
  876.0 1341.7  1342
  878.0 1341.7  1342
  880.0 1341.7  1342
  882.0 1341.7  1342
  884.0 1341.7  1342
  886.0 1341.7  1342
  888.0 1341.7  1342
  890.0 1341.7  1342
  892.0 1341.7  1342
  894.0 1341.7  1342
  896.0 1341.7  1342
  898.0 1341.7  1342
  900.0 1341.7  1342
  902.0 1341.7  1342
  904.0 1341.7  1342
  906.0 1341.7  1342
  908.0 1341.7  1342
  910.0 1341.7  1342
  912.0 1341.7  1342
  914.0 1341.7  1342
  916.0 1341.7  1342
  918.0 1341.7  1342
  920.0 1341.7  1342
  922.0 1341.7  1342
  924.0 1341.7  1342
  926.0 1341.7  1342
  928.0 1341.7  1342
  930.0 1341.7  1342
  932.0 1341.7  1342
  934.0 1341.7  1342
  936.0 1341.7  1342
  938.0 1341.7  1342
  940.0 1341.7  1342
  942.0 1341.7  1342
  944.0 1341.7  1342
  946.0 1341.7  1342
  948.0 1341.7  1342
  950.0 1341.7  1342
  952.0 1341.7  1342
  954.0 1341.7  1342
  956.0 1341.7  1342
  958.0 1341.7  1342
  960.0 1341.7  1342
  962.0 1341.7  1342
  964.0 1341.7  1342
  966.0 1341.7  1342
  968.0 1341.7  1342
  970.0 1341.7  1342
  972.0 1341.7  1342
  974.0 1341.7  1342
  976.0 1341.7  1342
  978.0 1341.7  1342
  980.0 1341.7  1342
  982.0 1341.7  1342
  984.0 1341.7  1342
  986.0 1341.7  1342
  988.0 1341.7  1342
  990.0 1341.7  1342
  992.0 1341.7  1342
  994.0 1341.7  1342
  996.0 1341.7  1342
  998.0 1341.7  1342
 1000.0 1341.7  1342
