Year	Month	Day	Hour	Minute	Second	ALT(km)		LAT		LON
2012	11	10	05	00	00	15898.885883	-2.018452	-34.054498
2012	11	10	05	05	00	16739.404021	-2.400236	-33.052845
2012	11	10	05	10	00	17546.956568	-2.752357	-32.205376
2012	11	10	05	15	00	18322.653351	-3.078538	-31.491424
2012	11	10	05	20	00	19067.554854	-3.381904	-30.893926
2012	11	10	05	25	00	19782.664630	-3.665092	-30.398651
2012	11	10	05	30	00	20468.926354	-3.930342	-29.993623
2012	11	10	05	35	00	21127.223688	-4.179568	-29.668680
2012	11	10	05	40	00	21758.381811	-4.414417	-29.415130
2012	11	10	05	45	00	22363.169863	-4.636310	-29.225487
2012	11	10	05	50	00	22942.303908	-4.846484	-29.093256
2012	11	10	05	55	00	23496.450069	-5.046018	-29.012774
2012	11	10	06	00	00	24026.227679	-5.235856	-28.979068
2012	11	10	06	05	00	24532.212383	-5.416832	-28.987747
2012	11	10	06	10	00	25014.939037	-5.589683	-29.034919
2012	11	10	06	15	00	25474.904491	-5.755063	-29.117108
2012	11	10	06	20	00	25912.570117	-5.913554	-29.231202
2012	11	10	06	25	00	26328.364196	-6.065677	-29.374400
2012	11	10	06	30	00	26722.684053	-6.211897	-29.544167
2012	11	10	06	35	00	27095.898085	-6.352635	-29.738201
2012	11	10	06	40	00	27448.347505	-6.488268	-29.954402
2012	11	10	06	45	00	27780.348059	-6.619139	-30.190846
2012	11	10	06	50	00	28092.191460	-6.745557	-30.445763
2012	11	10	06	55	00	28384.146776	-6.867802	-30.717517
2012	11	10	07	00	00	28656.461668	-6.986131	-31.004591
2012	11	10	07	05	00	28909.363431	-7.100776	-31.305573
2012	11	10	07	10	00	29143.060077	-7.211949	-31.619139
2012	11	10	07	15	00	29357.741189	-7.319845	-31.944046
2012	11	10	07	20	00	29553.578698	-7.424642	-32.279122
2012	11	10	07	25	00	29730.727665	-7.526500	-32.623256
2012	11	10	07	30	00	29889.326873	-7.625570	-32.975389
2012	11	10	07	35	00	30029.499383	-7.721988	-33.334509
2012	11	10	07	40	00	30151.353070	-7.815877	-33.699643
2012	11	10	07	45	00	30254.981017	-7.907353	-34.069851
2012	11	10	07	50	00	30340.461865	-7.996519	-34.444222
2012	11	10	07	55	00	30407.860166	-8.083471	-34.821867
2012	11	10	08	00	00	30457.226607	-8.168296	-35.201916
2012	11	10	08	05	00	30488.598170	-8.251072	-35.583511
2012	11	10	08	10	00	30501.998336	-8.331870	-35.965803
2012	11	10	08	15	00	30497.437145	-8.410753	-36.347948
2012	11	10	08	20	00	30474.911208	-8.487778	-36.729102
2012	11	10	08	25	00	30434.403729	-8.562995	-37.108415
2012	11	10	08	30	00	30375.884448	-8.636447	-37.485030
2012	11	10	08	35	00	30299.309494	-8.708170	-37.858077
2012	11	10	08	40	00	30204.621212	-8.778194	-38.226667
2012	11	10	08	45	00	30091.747993	-8.846542	-38.589889
2012	11	10	08	50	00	29960.603973	-8.913230	-38.946805
2012	11	10	08	55	00	29811.088638	-8.978268	-39.296442
2012	11	10	09	00	00	29643.086513	-9.041656	-39.637791
2012	11	10	09	05	00	29456.466693	-9.103389	-39.969794
2012	11	10	09	10	00	29251.082252	-9.163453	-40.291342
2012	11	10	09	15	00	29026.769676	-9.221824	-40.601267
2012	11	10	09	20	00	28783.348243	-9.278470	-40.898331
2012	11	10	09	25	00	28520.619184	-9.333347	-41.181217
2012	11	10	09	30	00	28238.364820	-9.386400	-41.448519
2012	11	10	09	35	00	27936.347729	-9.437561	-41.698731
2012	11	10	09	40	00	27614.309590	-9.486747	-41.930230
2012	11	10	09	45	00	27271.970000	-9.533858	-42.141262
2012	11	10	09	50	00	26909.025315	-9.578778	-42.329923
2012	11	10	09	55	00	26525.147088	-9.621366	-42.494139
2012	11	10	10	00	00	26119.980536	-9.661457	-42.631640
2012	11	10	10	05	00	25693.142910	-9.698859	-42.739931
2012	11	10	10	10	00	25244.221421	-9.733345	-42.816261
2012	11	10	10	15	00	24772.771324	-9.764647	-42.857580
2012	11	10	10	20	00	24278.313598	-9.792454	-42.860492
2012	11	10	10	25	00	23760.332421	-9.816396	-42.821201
2012	11	10	10	30	00	23218.272662	-9.836040	-42.735441
2012	11	10	10	35	00	22651.536844	-9.850869	-42.598394
2012	11	10	10	40	00	22059.482324	-9.860273	-42.404591
2012	11	10	10	45	00	21441.417997	-9.863521	-42.147790
2012	11	10	10	50	00	20796.601260	-9.859739	-41.820820
2012	11	10	10	55	00	20124.234818	-9.847871	-41.415399
2012	11	10	11	00	00	19423.464041	-9.826634	-40.921889
2012	11	10	11	05	00	18693.374831	-9.794461	-40.328999
2012	11	10	11	10	00	17932.992854	-9.749424	-39.623396
2012	11	10	11	15	00	17141.284901	-9.689123	-38.789203
2012	11	10	11	20	00	16317.163893	-9.610550	-37.807338
2012	11	10	11	25	00	15459.499835	-9.509893	-36.654643
2012	11	10	11	30	00	14567.140499	-9.382266	-35.302699
2012	11	10	11	35	00	13638.947979	-9.221330	-33.716217
2012	11	10	11	40	00	12673.861374	-9.018744	-31.850799
2012	11	10	11	45	00	11671.002851	-8.763379	-29.649777
2012	11	10	11	50	00	10629.856874	-8.440148	-27.039682
2012	11	10	11	55	00	9550.574845	-8.028270	-23.923632
2012	11	10	12	00	00	8434.498878	-7.498655	-20.171539
2012	11	10	12	05	00	7285.076064	-6.810021	-15.605477
2012	11	10	12	10	00	6109.479425	-5.903327	-9.977873
2012	11	10	12	15	00	4921.513110	-4.694756	-2.940056
2012	11	10	12	20	00	3746.789800	-3.070634	5.998022
2012	11	10	12	25	00	2631.501472	-0.898968	17.498882
2012	11	10	12	30	00	1654.965935	1.897095	32.339812
2012	11	10	12	35	00	938.714407	5.125388	51.045938
2012	11	10	12	40	00	624.849024	8.053627	72.986499
2012	11	10	12	45	00	795.975103	9.693693	95.665552
2012	11	10	12	50	00	1404.782456	9.760416	115.991256
2012	11	10	12	55	00	2316.939126	8.803176	132.427316
2012	11	10	13	00	00	3400.251699	7.455610	145.127877
2012	11	10	13	05	00	4562.935984	6.074249	154.878460
2012	11	10	13	10	00	5750.180564	4.798917	162.446770
2012	11	10	13	15	00	6931.267809	3.665786	168.417262
2012	11	10	13	20	00	8089.504554	2.671139	173.204366
2012	11	10	13	25	00	9216.094460	1.798832	177.098270
2012	11	10	13	30	00	10306.673722	1.030761	-179.695927
2012	11	10	13	35	00	11359.379905	0.350408	-177.030721
2012	11	10	13	40	00	12373.766675	-0.256263	-174.797917
2012	11	10	13	45	00	13350.184898	-0.800850	-172.916581
2012	11	10	13	50	00	14289.424062	-1.292838	-171.325034
2012	11	10	13	55	00	15192.501888	-1.739976	-169.975465
2012	11	10	14	00	00	16060.539939	-2.148609	-168.830229
2012	11	10	14	05	00	16894.689972	-2.523965	-167.859257
2012	11	10	14	10	00	17696.090741	-2.870375	-167.038228
2012	11	10	14	15	00	18465.843251	-3.191448	-166.347229
2012	11	10	14	20	00	19204.997309	-3.490217	-165.769790
2012	11	10	14	25	00	19914.544989	-3.769242	-165.292148
2012	11	10	14	30	00	20595.418329	-4.030701	-164.902704
2012	11	10	14	35	00	21248.489570	-4.276457	-164.591597
2012	11	10	14	40	00	21874.572897	-4.508113	-164.350383
2012	11	10	14	45	00	22474.427029	-4.727056	-164.171779
2012	11	10	14	50	00	23048.758196	-4.934490	-164.049461
2012	11	10	14	55	00	23598.223306	-5.131469	-163.977905
2012	11	10	15	00	00	24123.433098	-5.318916	-163.952255
2012	11	10	15	05	00	24624.955171	-5.497646	-163.968223
2012	11	10	15	10	00	25103.316914	-5.668380	-164.021999
2012	11	10	15	15	00	25559.008186	-5.831757	-164.110182
2012	11	10	15	20	00	25992.483868	-5.988346	-164.229722
2012	11	10	15	25	00	26404.166147	-6.138659	-164.377870
2012	11	10	15	30	00	26794.446694	-6.283152	-164.552138
2012	11	10	15	35	00	27163.688548	-6.422236	-164.750265
2012	11	10	15	40	00	27512.227967	-6.556283	-164.970186
2012	11	10	15	45	00	27840.375974	-6.685626	-165.210007
2012	11	10	15	50	00	28148.419870	-6.810571	-165.467985
2012	11	10	15	55	00	28436.624557	-6.931392	-165.742507
2012	11	10	16	00	00	28705.233697	-7.048341	-166.032078
2012	11	10	16	05	00	28954.470867	-7.161645	-166.335302
2012	11	10	16	10	00	29184.540486	-7.271514	-166.650872
2012	11	10	16	15	00	29395.628697	-7.378139	-166.977559
2012	11	10	16	20	00	29587.904194	-7.481692	-167.314203
2012	11	10	16	25	00	29761.518867	-7.582334	-167.659703
2012	11	10	16	30	00	29916.608461	-7.680210	-168.013009
2012	11	10	16	35	00	30053.293130	-7.775454	-168.373117
2012	11	10	16	40	00	30171.677885	-7.868188	-168.739061
2012	11	10	16	45	00	30271.853027	-7.958525	-169.109907
2012	11	10	16	50	00	30353.894519	-8.046566	-169.484748
2012	11	10	16	55	00	30417.864245	-8.132404	-169.862698
2012	11	10	17	00	00	30463.810257	-8.216124	-170.242891
2012	11	10	17	05	00	30491.766987	-8.297803	-170.624470
2012	11	10	17	10	00	30501.755353	-8.377509	-171.006588
2012	11	10	17	15	00	30493.782818	-8.455304	-171.388401
2012	11	10	17	20	00	30467.843468	-8.531244	-171.769062
2012	11	10	17	25	00	30423.917973	-8.605375	-172.147723
2012	11	10	17	30	00	30361.973468	-8.677739	-172.523524
2012	11	10	17	35	00	30281.963484	-8.748370	-172.895590
2012	11	10	17	40	00	30183.827765	-8.817297	-173.263030
2012	11	10	17	45	00	30067.492013	-8.884539	-173.624928
2012	11	10	17	50	00	29932.867576	-8.950112	-173.980338
2012	11	10	17	55	00	29779.851176	-9.014022	-174.328284
2012	11	10	18	00	00	29608.324471	-9.076268	-174.667744
2012	11	10	18	05	00	29418.153506	-9.136843	-174.997653
2012	11	10	18	10	00	29209.188284	-9.195728	-175.316893
2012	11	10	18	15	00	28981.262129	-9.252898	-175.624280
2012	11	10	18	20	00	28734.190912	-9.308318	-175.918564
2012	11	10	18	25	00	28467.772349	-9.361940	-176.198411
2012	11	10	18	30	00	28181.785163	-9.413705	-176.462399
2012	11	10	18	35	00	27875.988012	-9.463541	-176.708998
2012	11	10	18	40	00	27550.118479	-9.511361	-176.936563
2012	11	10	18	45	00	27203.891940	-9.557061	-177.143312
2012	11	10	18	50	00	26837.000111	-9.600516	-177.327313
2012	11	10	18	55	00	26449.109700	-9.641581	-177.486455
2012	11	10	19	00	00	26039.860845	-9.680083	-177.618428
2012	11	10	19	05	00	25608.865180	-9.715821	-177.720692
2012	11	10	19	10	00	25155.704111	-9.748559	-177.790442
2012	11	10	19	15	00	24679.926601	-9.778019	-177.824566
2012	11	10	19	20	00	24181.046837	-9.803873	-177.819599
2012	11	10	19	25	00	23658.541866	-9.825740	-177.771659
2012	11	10	19	30	00	23111.848716	-9.843166	-177.676385
2012	11	10	19	35	00	22540.361712	-9.855614	-177.528844
2012	11	10	19	40	00	21943.429271	-9.862447	-177.323430
2012	11	10	19	45	00	21320.350890	-9.862904	-177.053738
2012	11	10	19	50	00	20670.373871	-9.856072	-176.712405
2012	11	10	19	55	00	19992.690393	-9.840849	-176.290910
2012	11	10	20	00	00	19286.434779	-9.815895	-175.779331
2012	11	10	20	05	00	18550.681692	-9.779571	-175.166022
2012	11	10	20	10	00	17784.445630	-9.729857	-174.437213
2012	11	10	20	15	00	16986.682882	-9.664238	-173.576478
2012	11	10	20	20	00	16156.297452	-9.579556	-172.564039
2012	11	10	20	25	00	15292.153534	-9.471802	-171.375847
2012	11	10	20	30	00	14393.098662	-9.335827	-169.982322
2012	11	10	20	35	00	13458.004309	-9.164939	-168.346650
2012	11	10	20	40	00	12485.835235	-8.950314	-166.422387
2012	11	10	20	45	00	11475.766705	-8.680149	-164.150089
2012	11	10	20	50	00	10427.382649	-8.338403	-161.452442
2012	11	10	20	55	00	9341.013121	-7.902926	-158.227147
2012	11	10	21	00	00	8218.316009	-7.342647	-154.336362
2012	11	10	21	05	00	7063.295308	-6.613411	-149.590895
2012	11	10	21	10	00	5884.111213	-5.652118	-143.726728
2012	11	10	21	15	00	4696.326606	-4.369722	-136.371587
2012	11	10	21	20	00	3528.663290	-2.647755	-127.003990
2012	11	10	21	25	00	2432.566329	-0.357114	-114.929675
2012	11	10	21	30	00	1495.063004	2.547418	-99.375802
2012	11	10	21	35	00	844.859247	5.783727	-79.952195
2012	11	10	21	40	00	620.359225	8.517451	-57.628114
2012	11	10	21	45	00	882.142438	9.825022	-35.184839
2012	11	10	21	50	00	1559.718977	9.621559	-15.546632
2012	11	10	21	55	00	2513.305216	8.533607	0.131428
2012	11	10	22	00	00	3617.297358	7.150352	12.204329
2012	11	10	22	05	00	4787.821409	5.776137	21.484812
2012	11	10	22	10	00	5975.610059	4.522547	28.709495
2012	11	10	22	15	00	7153.246669	3.413884	34.427259
2012	11	10	22	20	00	8305.904689	2.442153	39.025259
2012	11	10	22	25	00	9425.833239	1.589996	42.774774
2012	11	10	22	30	00	10509.256535	0.839239	45.868102
2012	11	10	22	35	00	11554.644408	0.173666	48.444056
2012	11	10	22	40	00	12561.737981	-0.420375	50.604843
2012	11	10	22	45	00	13530.992151	-0.954115	52.427201
2012	11	10	22	50	00	14463.251763	-1.436727	53.969807
2012	11	10	22	55	00	15359.561206	-1.875702	55.278287
2012	11	10	23	00	00	16221.051743	-2.277177	56.388670
2012	11	10	23	05	00	17048.874849	-2.646210	57.329804
2012	11	10	23	10	00	17844.163232	-2.986994	58.125083
2012	11	10	23	15	00	18608.008661	-3.303030	58.793694
2012	11	10	23	20	00	19341.450082	-3.597259	59.351545
2012	11	10	23	25	00	20045.468049	-3.872170	59.811947
2012	11	10	23	30	00	20720.983002	-4.129878	60.186142
2012	11	10	23	35	00	21368.855845	-4.372198	60.483696
2012	11	10	23	40	00	21989.889897	-4.600689	60.712817
2012	11	10	23	45	00	22584.833571	-4.816704	60.880590
2012	11	10	23	50	00	23154.383390	-5.021417	60.993177
2012	11	10	23	55	00	23699.187183	-5.215858	61.055966
2012	11	11	00	00	00	24219.847193	-5.400927	61.073697
2012	11	11	00	05	00	24716.923109	-5.577422	61.050562
2012	11	11	00	10	00	25190.934941	-5.746047	60.990289
2012	11	11	00	15	00	25642.365666	-5.907427	60.896208
2012	11	11	00	20	00	26071.663747	-6.062122	60.771309
2012	11	11	00	25	00	26479.245376	-6.210629	60.618287
2012	11	11	00	30	00	26865.496610	-6.353398	60.439587
2012	11	11	00	35	00	27230.775247	-6.490831	60.237429
2012	11	11	00	40	00	27575.412593	-6.623292	60.013846
2012	11	11	00	45	00	27899.715057	-6.751109	59.770700
2012	11	11	00	50	00	28203.965539	-6.874580	59.509708
2012	11	11	00	55	00	28488.424810	-6.993976	59.232461
2012	11	11	01	00	00	28753.332627	-7.109544	58.940433
2012	11	11	01	05	00	28998.908821	-7.221507	58.635004
2012	11	11	01	10	00	29225.354280	-7.330069	58.317465
2012	11	11	01	15	00	29432.851750	-7.435419	57.989030
2012	11	11	01	20	00	29621.566661	-7.537726	57.650849
2012	11	11	01	25	00	29791.647804	-7.637148	57.304013
2012	11	11	01	30	00	29943.227891	-7.733827	56.949561
2012	11	11	01	35	00	30076.424153	-7.827894	56.588491
2012	11	11	01	40	00	30191.338788	-7.919470	56.221763
2012	11	11	01	45	00	30288.059325	-8.008663	55.850304
2012	11	11	01	50	00	30366.659018	-8.095573	55.475018
2012	11	11	01	55	00	30427.197117	-8.180293	55.096786
2012	11	11	02	00	00	30469.719064	-8.262903	54.716473
2012	11	11	02	05	00	30494.256695	-8.343479	54.334933
2012	11	11	02	10	00	30500.828373	-8.422089	53.953013
2012	11	11	02	15	00	30489.439029	-8.498790	53.571557
2012	11	11	02	20	00	30460.080174	-8.573638	53.191412
2012	11	11	02	25	00	30412.729911	-8.646677	52.813428
2012	11	11	02	30	00	30347.352834	-8.717946	52.438467
2012	11	11	02	35	00	30263.899838	-8.787479	52.067408
2012	11	11	02	40	00	30162.308009	-8.855300	51.701145
2012	11	11	02	45	00	30042.500364	-8.921430	51.340601
2012	11	11	02	50	00	29904.385513	-8.985879	50.986725
2012	11	11	02	55	00	29747.857312	-9.048653	50.640504
2012	11	11	03	00	00	29572.794498	-9.109749	50.302966
2012	11	11	03	05	00	29379.060163	-9.169155	49.975185
2012	11	11	03	10	00	29166.501136	-9.226852	49.658293
2012	11	11	03	15	00	28934.947483	-9.282811	49.353485
2012	11	11	03	20	00	28684.211751	-9.336993	49.062026
2012	11	11	03	25	00	28414.088067	-9.389348	48.785265
2012	11	11	03	30	00	28124.351417	-9.439812	48.524645
2012	11	11	03	35	00	27814.756609	-9.488311	48.281716
2012	11	11	03	40	00	27485.037055	-9.534750	48.058147
2012	11	11	03	45	00	27134.903740	-9.579022	47.855747
2012	11	11	03	50	00	26764.043833	-9.620996	47.676482
2012	11	11	03	55	00	26372.119056	-9.660519	47.522497
2012	11	11	04	00	00	25958.764293	-9.697413	47.396144
2012	11	11	04	05	00	25523.585665	-9.731466	47.300010
2012	11	11	04	10	00	25066.158533	-9.762431	47.236955
2012	11	11	04	15	00	24586.025505	-9.790021	47.210153
2012	11	11	04	20	00	24082.693918	-9.813894	47.223145
2012	11	11	04	25	00	23555.633450	-9.833652	47.279895
2012	11	11	04	30	00	23004.273311	-9.848822	47.384868
2012	11	11	04	35	00	22427.999353	-9.858846	47.543115
2012	11	11	04	40	00	21826.151026	-9.863060	47.760382
2012	11	11	04	45	00	21198.018191	-9.860670	48.043243
2012	11	11	04	50	00	20542.837998	-9.850724	48.399263
2012	11	11	04	55	00	19859.791903	-9.832071	48.837208
2012	11	11	05	00	00	19148.003124	-9.803311	49.367299
2012	11	11	05	05	00	18406.535014	-9.762730	50.001550
2012	11	11	05	10	00	17634.390945	-9.708213	50.754190
2012	11	11	05	15	00	16830.516877	-9.637122	51.642220
2012	11	11	05	20	00	15993.808319	-9.546140	52.686147
2012	11	11	05	25	00	15123.124463	-9.431051	53.910961
2012	11	11	05	30	00	14217.314054	-9.286430	55.347462
2012	11	11	05	35	00	13275.260446	-9.105206	57.034084
2012	11	11	05	40	00	12295.958308	-8.878043	59.019437
2012	11	11	05	45	00	11278.643211	-8.592416	61.365927
2012	11	11	05	50	00	10223.010867	-8.231264	64.154976
2012	11	11	05	55	00	9129.591126	-7.770969	67.494689
