Year	Month	Day	Hour	Minute	Second	ALT(km)		LAT		LON
2012	11	10	05	00	00	22465.921927	-4.554967	-18.122641
2012	11	10	05	05	00	23044.909366	-4.764475	-17.999057
2012	11	10	05	10	00	23599.057642	-4.963471	-17.926729
2012	11	10	05	15	00	24128.981047	-5.152887	-17.900752
2012	11	10	05	20	00	24635.250676	-5.333542	-17.916796
2012	11	10	05	25	00	25118.397336	-5.506161	-17.971014
2012	11	10	05	30	00	25578.914244	-5.671388	-18.059978
2012	11	10	05	35	00	26017.259570	-5.829798	-18.180613
2012	11	10	05	40	00	26433.858753	-5.981904	-18.330149
2012	11	10	05	45	00	26829.106643	-6.128166	-18.506081
2012	11	10	05	50	00	27203.369480	-6.268999	-18.706135
2012	11	10	05	55	00	27556.986630	-6.404776	-18.928232
2012	11	10	06	00	00	27890.272286	-6.535835	-19.170472
2012	11	10	06	05	00	28203.516864	-6.662483	-19.431103
2012	11	10	06	10	00	28496.988396	-6.784997	-19.708507
2012	11	10	06	15	00	28770.933746	-6.903631	-20.001184
2012	11	10	06	20	00	29025.579652	-7.018615	-20.307737
2012	11	10	06	25	00	29261.133783	-7.130161	-20.626857
2012	11	10	06	30	00	29477.785588	-7.238460	-20.957316
2012	11	10	06	35	00	29675.707084	-7.343689	-21.297954
2012	11	10	06	40	00	29855.053613	-7.446009	-21.647673
2012	11	10	06	45	00	30015.964436	-7.545569	-22.005428
2012	11	10	06	50	00	30158.563295	-7.642505	-22.370218
2012	11	10	06	55	00	30282.958940	-7.736939	-22.741084
2012	11	10	07	00	00	30389.245519	-7.828987	-23.117098
2012	11	10	07	05	00	30477.502946	-7.918753	-23.497361
2012	11	10	07	10	00	30547.797237	-8.006332	-23.880999
2012	11	10	07	15	00	30600.180744	-8.091811	-24.267153
2012	11	10	07	20	00	30634.692336	-8.175270	-24.654980
2012	11	10	07	25	00	30651.357572	-8.256779	-25.043645
2012	11	10	07	30	00	30650.188813	-8.336403	-25.432318
2012	11	10	07	35	00	30631.185209	-8.414201	-25.820171
2012	11	10	07	40	00	30594.332737	-8.490222	-26.206372
2012	11	10	07	45	00	30539.604170	-8.564511	-26.590081
2012	11	10	07	50	00	30466.958925	-8.637107	-26.970446
2012	11	10	07	55	00	30376.342920	-8.708040	-27.346599
2012	11	10	08	00	00	30267.688392	-8.777336	-27.717651
2012	11	10	08	05	00	30140.913656	-8.845014	-28.082687
2012	11	10	08	10	00	29995.922704	-8.911086	-28.440761
2012	11	10	08	15	00	29832.604897	-8.975555	-28.790889
2012	11	10	08	20	00	29650.834568	-9.038421	-29.132045
2012	11	10	08	25	00	29450.470427	-9.099671	-29.463155
2012	11	10	08	30	00	29231.355022	-9.159288	-29.783085
2012	11	10	08	35	00	28993.314162	-9.217245	-30.090638
2012	11	10	08	40	00	28736.156126	-9.273502	-30.384543
2012	11	10	08	45	00	28459.670822	-9.328011	-30.663444
2012	11	10	08	50	00	28163.628995	-9.380713	-30.925890
2012	11	10	08	55	00	27847.781154	-9.431531	-31.170319
2012	11	10	09	00	00	27511.856410	-9.480377	-31.395049
2012	11	10	09	05	00	27155.561386	-9.527144	-31.598253
2012	11	10	09	10	00	26778.578750	-9.571704	-31.777947
2012	11	10	09	15	00	26380.565696	-9.613907	-31.931962
2012	11	10	09	20	00	25961.152461	-9.653578	-32.057918
2012	11	10	09	25	00	25519.940310	-9.690510	-32.153195
2012	11	10	09	30	00	25056.499676	-9.724458	-32.214896
2012	11	10	09	35	00	24570.368012	-9.755138	-32.239799
2012	11	10	09	40	00	24061.047315	-9.782213	-32.224313
2012	11	10	09	45	00	23528.001747	-9.805287	-32.164408
2012	11	10	09	50	00	22970.654704	-9.823890	-32.055547
2012	11	10	09	55	00	22388.386073	-9.837468	-31.892589
2012	11	10	10	00	00	21780.529029	-9.845358	-31.669682
2012	11	10	10	05	00	21146.367007	-9.846766	-31.380127
2012	11	10	10	10	00	20485.130516	-9.840739	-31.016203
2012	11	10	10	15	00	19795.994285	-9.826121	-30.568961
2012	11	10	10	20	00	19078.074858	-9.801504	-30.027950
2012	11	10	10	25	00	18330.429146	-9.765160	-29.380876
2012	11	10	10	30	00	17552.054709	-9.714949	-28.613161
2012	11	10	10	35	00	16741.892877	-9.648199	-27.707364
2012	11	10	10	40	00	15898.836603	-9.561538	-26.642421
2012	11	10	10	45	00	15021.746031	-9.450667	-25.392623
2012	11	10	10	50	00	14109.476638	-9.310039	-23.926238
2012	11	10	10	55	00	13160.927960	-9.132403	-22.203600
2012	11	10	11	00	00	12175.126302	-8.908145	-20.174448
2012	11	10	11	05	00	11151.364267	-8.624327	-17.774132
2012	11	10	11	10	00	10089.436839	-8.263255	-14.918124
2012	11	10	11	15	00	8990.044412	-7.800336	-11.493953
2012	11	10	11	20	00	7855.490241	-7.200872	-7.349204
2012	11	10	11	25	00	6690.906951	-6.415328	-2.273585
2012	11	10	11	30	00	5506.442962	-5.372885	4.027450
2012	11	10	11	35	00	4321.180762	-3.974533	11.969009
2012	11	10	11	40	00	3170.001727	-2.093239	22.126182
2012	11	10	11	45	00	2114.507553	0.391670	35.235679
2012	11	10	11	50	00	1255.476479	3.458911	52.017970
2012	11	10	11	55	00	730.500642	6.663834	72.539736
2012	11	10	12	00	00	662.864156	9.049978	95.211273
2012	11	10	12	05	00	1071.515302	9.882954	116.951070
2012	11	10	12	10	00	1853.417750	9.368326	135.311942
2012	11	10	12	15	00	2866.706401	8.175983	149.736042
2012	11	10	12	20	00	3998.948814	6.803293	160.813826
2012	11	10	12	25	00	5179.008465	5.481224	169.358737
2012	11	10	12	30	00	6365.952346	4.287182	176.046152
2012	11	10	12	35	00	7537.191180	3.233181	-178.633047
2012	11	10	12	40	00	8680.598799	2.308057	-174.334160
2012	11	10	12	45	00	9789.928339	1.494560	-170.814906
2012	11	10	12	50	00	10862.244876	0.775591	-167.902535
2012	11	10	12	55	00	11896.488956	0.136145	-165.471517
2012	11	10	13	00	00	12892.662831	-0.436345	-163.428818
2012	11	10	13	05	00	13851.362140	-0.952221	-161.704159
2012	11	10	13	10	00	14773.502513	-1.419940	-160.243496
2012	11	10	13	15	00	15660.158239	-1.846429	-159.004586
2012	11	10	13	20	00	16512.466619	-2.237383	-157.953922
2012	11	10	13	25	00	17331.571453	-2.597508	-157.064556
2012	11	10	13	30	00	18118.590142	-2.930718	-156.314558
2012	11	10	13	35	00	18874.595207	-3.240293	-155.685873
2012	11	10	13	40	00	19600.604635	-3.528995	-155.163489
2012	11	10	13	45	00	20297.577654	-3.799167	-154.734807
2012	11	10	13	50	00	20966.413796	-4.052808	-154.389159
2012	11	10	13	55	00	21607.953950	-4.291635	-154.117443
2012	11	10	14	00	00	22222.982517	-4.517127	-153.911836
2012	11	10	14	05	00	22812.230211	-4.730571	-153.765568
2012	11	10	14	10	00	23376.377130	-4.933086	-153.672741
2012	11	10	14	15	00	23916.055866	-5.125654	-153.628188
2012	11	10	14	20	00	24431.854638	-5.309137	-153.627356
2012	11	10	14	25	00	24924.320190	-5.484299	-153.666214
2012	11	10	14	30	00	25393.960643	-5.651814	-153.741169
2012	11	10	14	35	00	25841.248037	-5.812286	-153.849009
2012	11	10	14	40	00	26266.620806	-5.966250	-153.986846
2012	11	10	14	45	00	26670.485918	-6.114188	-154.152072
2012	11	10	14	50	00	27053.220976	-6.256533	-154.342322
2012	11	10	14	55	00	27415.176020	-6.393675	-154.555443
2012	11	10	15	00	00	27756.675240	-6.525964	-154.789462
2012	11	10	15	05	00	28078.018523	-6.653719	-155.042571
2012	11	10	15	10	00	28379.482802	-6.777229	-155.313099
2012	11	10	15	15	00	28661.323382	-6.896758	-155.599500
2012	11	10	15	20	00	28923.775031	-7.012544	-155.900336
2012	11	10	15	25	00	29167.053016	-7.124806	-156.214263
2012	11	10	15	30	00	29391.354086	-7.233742	-156.540023
2012	11	10	15	35	00	29596.857223	-7.339537	-156.876428
2012	11	10	15	40	00	29783.724434	-7.442356	-157.222357
2012	11	10	15	45	00	29952.101446	-7.542352	-157.576742
2012	11	10	15	50	00	30102.118221	-7.639667	-157.938566
2012	11	10	15	55	00	30233.889519	-7.734427	-158.306854
2012	11	10	16	00	00	30347.515381	-7.826751	-158.680665
2012	11	10	16	05	00	30443.081445	-7.916748	-159.059090
2012	11	10	16	10	00	30520.659321	-8.004514	-159.441244
2012	11	10	16	15	00	30580.306888	-8.090141	-159.826263
2012	11	10	16	20	00	30622.068463	-8.173709	-160.213298
2012	11	10	16	25	00	30645.974986	-8.255294	-160.601511
2012	11	10	16	30	00	30652.044164	-8.334961	-160.990070
2012	11	10	16	35	00	30640.280513	-8.412771	-161.378148
2012	11	10	16	40	00	30610.675360	-8.488777	-161.764914
2012	11	10	16	45	00	30563.206833	-8.563024	-162.149531
2012	11	10	16	50	00	30497.839810	-8.635555	-162.531153
2012	11	10	16	55	00	30414.525704	-8.706400	-162.908919
2012	11	10	17	00	00	30313.202330	-8.775589	-163.281950
2012	11	10	17	05	00	30193.793694	-8.843141	-163.649340
2012	11	10	17	10	00	30056.209657	-8.909070	-164.010158
2012	11	10	17	15	00	29900.345570	-8.973383	-164.363435
2012	11	10	17	20	00	29726.081913	-9.036080	-164.708163
2012	11	10	17	25	00	29533.283839	-9.097153	-165.043289
2012	11	10	17	30	00	29321.800527	-9.156585	-165.367704
2012	11	10	17	35	00	29091.464649	-9.214351	-165.680237
2012	11	10	17	40	00	28842.091744	-9.270417	-165.979649
2012	11	10	17	45	00	28573.479277	-9.324738	-166.264618
2012	11	10	17	50	00	28285.405875	-9.377255	-166.533735
2012	11	10	17	55	00	27977.630446	-9.427899	-166.785485
2012	11	10	18	00	00	27649.890933	-9.476586	-167.018235
2012	11	10	18	05	00	27301.903227	-9.523213	-167.230221
2012	11	10	18	10	00	26933.359974	-9.567661	-167.419523
2012	11	10	18	15	00	26543.928896	-9.609787	-167.584053
2012	11	10	18	20	00	26133.251383	-9.649424	-167.721518
2012	11	10	18	25	00	25700.940765	-9.686375	-167.829401
2012	11	10	18	30	00	25246.580241	-9.720410	-167.904921
2012	11	10	18	35	00	24769.720991	-9.751258	-167.944996
2012	11	10	18	40	00	24269.879735	-9.778602	-167.946191
2012	11	10	18	45	00	23746.536356	-9.802066	-167.904663
2012	11	10	18	50	00	23199.131214	-9.821210	-167.816091
2012	11	10	18	55	00	22627.062274	-9.835510	-167.675591
2012	11	10	19	00	00	22029.682134	-9.844345	-167.477617
2012	11	10	19	05	00	21406.294889	-9.846971	-167.215833
2012	11	10	19	10	00	20756.152997	-9.842499	-166.882955
2012	11	10	19	15	00	20078.454291	-9.829852	-166.470564
2012	11	10	19	20	00	19372.339310	-9.807724	-165.968857
2012	11	10	19	25	00	18636.889431	-9.774516	-165.366337
2012	11	10	19	30	00	17871.126337	-9.728257	-164.649417
2012	11	10	19	35	00	17074.013806	-9.666497	-163.801899
2012	11	10	19	40	00	16244.463382	-9.586155	-162.804302
2012	11	10	19	45	00	15381.346365	-9.483327	-161.632950
2012	11	10	19	50	00	14483.516124	-9.352998	-160.258755
2012	11	10	19	55	00	13549.847251	-9.188653	-158.645554
2012	11	10	20	00	00	12579.302420	-8.981710	-156.747777
2012	11	10	20	05	00	11571.045302	-8.720694	-154.507176
2012	11	10	20	10	00	10524.631203	-8.390025	-151.848109
2012	11	10	20	15	00	9440.331053	-7.968204	-148.670651
2012	11	10	20	20	00	8319.688923	-7.425093	-144.840394
2012	11	10	20	25	00	7166.495649	-6.717873	-140.173206
2012	11	10	20	30	00	5988.515770	-5.785315	-134.412576
2012	11	10	20	35	00	4800.581572	-4.540755	-127.197262
2012	11	10	20	40	00	3630.091599	-2.867845	-118.021043
2012	11	10	20	45	00	2526.237679	-0.635880	-106.206380
2012	11	10	20	50	00	1572.703602	2.215876	-90.981962
2012	11	10	20	55	00	894.712553	5.448888	-71.899656
2012	11	10	21	00	00	631.531134	8.277357	-49.780323
2012	11	10	21	05	00	853.558214	9.748558	-27.277768
2012	11	10	21	10	00	1500.954319	9.685606	-7.376621
2012	11	10	21	15	00	2436.129867	8.675850	8.609164
2012	11	10	21	20	00	3530.677115	7.324976	20.943442
2012	11	10	21	25	00	4697.530066	5.959981	30.422539
2012	11	10	21	30	00	5885.106416	4.705686	37.793789
2012	11	10	21	35	00	7064.549009	3.592563	43.619967
2012	11	10	21	40	00	8220.188317	2.615259	48.299265
2012	11	10	21	45	00	9343.786239	1.757489	52.110778
2012	11	10	21	50	00	10431.283166	1.001478	55.252183
2012	11	10	21	55	00	11480.981522	0.331129	57.865991
2012	11	10	22	00	00	12492.522638	-0.267207	60.056984
2012	11	10	22	05	00	13466.301671	-0.804804	61.903720
2012	11	10	22	10	00	14403.127895	-1.290887	63.466185
2012	11	10	22	15	00	15304.024963	-1.732998	64.790968
2012	11	10	22	20	00	16170.112617	-2.137324	65.914809
2012	11	10	22	25	00	17002.536609	-2.508962	66.867098
2012	11	10	22	30	00	17802.427577	-2.852142	67.671641
2012	11	10	22	35	00	18570.877526	-3.170394	68.347949
2012	11	10	22	40	00	19308.927093	-3.466684	68.912181
2012	11	10	22	45	00	20017.559412	-3.743520	69.377850
2012	11	10	22	50	00	20697.698043	-4.003038	69.756356
2012	11	10	22	55	00	21350.207317	-4.247066	70.057398
2012	11	10	23	00	00	21975.894126	-4.477176	70.289288
2012	11	10	23	05	00	22575.510525	-4.694732	70.459199
2012	11	10	23	10	00	23149.756675	-4.900919	70.573365
2012	11	10	23	15	00	23699.284004	-5.096772	70.637233
2012	11	10	23	20	00	24224.698304	-5.283201	70.655594
2012	11	10	23	25	00	24726.562746	-5.461008	70.632680
2012	11	10	23	30	00	25205.400753	-5.630903	70.572254
2012	11	10	23	35	00	25661.698663	-5.793517	70.477676
2012	11	10	23	40	00	26095.908227	-5.949413	70.351960
2012	11	10	23	45	00	26508.448898	-6.099093	70.197821
2012	11	10	23	50	00	26899.709921	-6.243009	70.017722
2012	11	10	23	55	00	27270.052297	-6.381567	69.813896
2012	11	11	00	00	00	27619.810472	-6.515133	69.588388
2012	11	11	00	05	00	27949.294009	-6.644039	69.343070
2012	11	11	00	10	00	28258.788972	-6.768586	69.079667
2012	11	11	00	15	00	28548.559271	-6.889046	68.799773
2012	11	11	00	20	00	28818.847876	-7.005667	68.504869
2012	11	11	00	25	00	29069.877829	-7.118675	68.196335
2012	11	11	00	30	00	29301.853265	-7.228279	67.875464
2012	11	11	00	35	00	29514.960280	-7.334665	67.543471
2012	11	11	00	40	00	29709.367670	-7.438007	67.201503
2012	11	11	00	45	00	29885.227677	-7.538463	66.850649
2012	11	11	00	50	00	30042.676592	-7.636178	66.491946
2012	11	11	00	55	00	30181.835275	-7.731285	66.126386
2012	11	11	01	00	00	30302.809675	-7.823905	65.754922
2012	11	11	01	05	00	30405.691231	-7.914150	65.378476
2012	11	11	01	10	00	30490.557203	-8.002122	64.997943
2012	11	11	01	15	00	30557.470996	-8.087913	64.614194
2012	11	11	01	20	00	30606.482415	-8.171607	64.228084
2012	11	11	01	25	00	30637.627803	-8.253283	63.840455
2012	11	11	01	30	00	30650.930211	-8.333008	63.452141
2012	11	11	01	35	00	30646.399514	-8.410845	63.063971
2012	11	11	01	40	00	30624.032383	-8.486850	62.676775
2012	11	11	01	45	00	30583.812304	-8.561070	62.291385
2012	11	11	01	50	00	30525.709539	-8.633548	61.908643
2012	11	11	01	55	00	30449.680993	-8.704320	61.529404
2012	11	11	02	00	00	30355.670021	-8.773413	61.154541
2012	11	11	02	05	00	30243.606248	-8.840852	60.784946
2012	11	11	02	10	00	30113.405337	-8.906651	60.421540
2012	11	11	02	15	00	29964.968566	-8.970820	60.065277
2012	11	11	02	20	00	29798.182495	-9.033361	59.717147
2012	11	11	02	25	00	29612.918562	-9.094267	59.378184
2012	11	11	02	30	00	29409.032511	-9.153525	59.049476
2012	11	11	02	35	00	29186.363789	-9.211113	58.732165
2012	11	11	02	40	00	28944.734963	-9.266998	58.427462
2012	11	11	02	45	00	28683.950964	-9.321138	58.136654
2012	11	11	02	50	00	28403.798168	-9.373481	57.861114
2012	11	11	02	55	00	28104.043594	-9.423959	57.602313
2012	11	11	03	00	00	27784.433870	-9.472493	57.361833
2012	11	11	03	05	00	27444.693981	-9.518987	57.141383
2012	11	11	03	10	00	27084.526164	-9.563327	56.942817
2012	11	11	03	15	00	26703.608479	-9.605377	56.768153
2012	11	11	03	20	00	26301.593192	-9.644979	56.619596
2012	11	11	03	25	00	25878.105278	-9.681946	56.499570
2012	11	11	03	30	00	25432.740420	-9.716060	56.410742
2012	11	11	03	35	00	24965.063053	-9.747065	56.356068
2012	11	11	03	40	00	24474.604233	-9.774659	56.338832
2012	11	11	03	45	00	23960.859094	-9.798489	56.362706
2012	11	11	03	50	00	23423.284444	-9.818138	56.431805
2012	11	11	03	55	00	22861.295812	-9.833114	56.550774
2012	11	11	04	00	00	22274.264657	-9.842832	56.724875
2012	11	11	04	05	00	21661.515170	-9.846597	56.960108
2012	11	11	04	10	00	21022.321231	-9.843575	57.263350
2012	11	11	04	15	00	20355.903258	-9.832765	57.642532
2012	11	11	04	20	00	19661.425427	-9.812951	58.106861
2012	11	11	04	25	00	18937.993417	-9.782653	58.667103
2012	11	11	04	30	00	18184.653230	-9.740053	59.335943
2012	11	11	04	35	00	17400.391918	-9.682897	60.128442
2012	11	11	04	40	00	16584.141454	-9.608369	61.062656
2012	11	11	04	45	00	15734.787791	-9.512910	62.160427
2012	11	11	04	50	00	14851.188400	-9.391980	63.448473
2012	11	11	04	55	00	13932.203610	-9.239708	64.959845
2012	11	11	05	00	00	12976.750580	-9.048411	66.735959
2012	11	11	05	05	00	11983.894689	-8.807881	68.829437
2012	11	11	05	10	00	10953.003719	-8.504358	71.308174
2012	11	11	05	15	00	9884.008980	-8.118983	74.261223
2012	11	11	05	20	00	8777.852074	-7.625504	77.807491
2012	11	11	05	25	00	7637.260176	-6.986834	82.108681
2012	11	11	05	30	00	6468.113044	-6.150058	87.388633
2012	11	11	05	35	00	5281.884585	-5.039814	93.961578
2012	11	11	05	40	00	4100.011236	-3.552063	102.270104
2012	11	11	05	45	00	2961.464470	-1.558154	112.922527
2012	11	11	05	50	00	1934.374439	1.047367	126.676237
2012	11	11	05	55	00	1127.566289	4.182101	144.196303
